0	1	0	775	6406
0	1	0	978	5262
0	1	0	916	6332
0	1	0	425	7793
0	1	1	853	796
0	1	1	239	8535
0	1	1	211	5406
0	1	1	909	7599
0	1	1	670	5126
0	1	1	965	6194
0	1	1	842	9447
0	1	1	436	7929
0	1	1	89	1651
0	1	1	219	775
0	1	10	105	138
0	1	10	304	2287
0	1	10	645	4728
0	1	10	560	8218
0	1	10	201	8841
0	1	10	657	154
0	1	10	559	2471
0	1	10	709	8836
0	1	11	901	1789
0	1	11	245	1762
0	1	11	126	9769
0	1	11	141	1133
0	1	11	409	3279
0	1	12	931	1678
0	1	12	921	8456
0	1	12	571	5725
0	1	12	770	8705
0	1	12	564	9252
0	1	12	118	4204
0	1	13	304	9314
0	1	13	408	5924
0	1	13	885	9989
0	1	14	237	3802
0	1	14	476	4606
0	1	14	686	7520
0	1	14	760	3926
0	1	15	184	3774
0	1	15	740	2499
0	1	15	426	6358
0	1	15	412	223
0	1	15	106	3164
0	1	16	314	492
0	1	16	110	5449
0	1	16	752	6894
0	1	16	334	421
0	1	16	303	7022
0	1	16	853	7124
0	1	17	423	8936
0	1	17	635	5256
0	1	17	439	9588
0	1	17	164	2669
0	1	17	512	5877
0	1	17	19	4062
0	1	17	491	4772
0	1	18	308	3117
0	1	18	343	3546
0	1	18	381	9063
0	1	19	698	7549
0	1	19	742	9743
0	1	19	676	6586
0	1	19	289	1423
0	1	20	301	711
0	1	20	118	6459
0	1	20	168	2728
0	1	20	572	7167
0	1	21	590	5835
0	1	21	224	7588
0	1	21	163	7545
0	1	21	855	6023
0	1	21	69	4259
0	1	21	439	4727
0	1	22	754	4168
0	1	22	612	7610
0	1	22	771	8671
0	1	22	431	2950
0	1	22	104	835
0	1	23	969	8184
0	1	23	48	8768
0	1	23	51	9376
0	1	23	569	2363
0	1	24	930	516
0	1	24	168	5023
0	1	24	987	497
0	1	24	260	1269
0	1	25	821	8413
0	1	25	332	4363
0	1	25	740	4027
0	1	25	391	8052
0	1	25	59	4457
0	1	25	411	6608
0	1	25	478	8635
0	1	26	288	4083
0	1	26	144	4529
0	1	26	811	4232
0	1	26	778	228
0	1	27	685	3298
0	1	27	148	5627
0	1	27	602	4346
0	1	27	896	2930
0	1	27	786	1898
0	1	28	356	1428
0	1	28	787	7391
0	1	28	932	8089
0	1	28	137	479
0	1	29	233	4662
0	1	29	478	756
0	1	3	426	9076
0	1	3	748	9615
0	1	3	334	7303
0	1	3	136	5976
0	1	3	417	4389
0	1	3	717	8975
0	1	30	184	8334
0	1	30	503	5593
0	1	30	188	2009
0	1	31	92	1072
0	1	31	169	7783
0	1	31	220	8989
0	1	31	985	4229
0	1	31	131	7202
0	1	31	425	1115
0	1	31	734	2009
0	1	32	882	3322
0	1	32	641	3233
0	1	32	11	7928
0	1	32	582	4984
0	1	32	953	8181
0	1	32	667	1931
0	1	32	431	2351
0	1	33	182	6091
0	1	34	357	1072
0	1	34	827	9006
0	1	34	741	2963
0	1	34	547	5741
0	1	34	214	6453
0	1	34	102	7463
0	1	35	85	8251
0	1	35	977	8619
0	1	35	852	7046
0	1	35	617	820
0	1	35	787	8310
0	1	36	588	2322
0	1	36	259	2356
0	1	36	239	4504
0	1	36	236	894
0	1	36	321	5950
0	1	36	659	1776
0	1	36	808	635
0	1	36	633	3253
0	1	36	78	6067
0	1	37	935	9580
0	1	37	319	6100
0	1	37	425	4360
0	1	37	612	5615
0	1	37	262	7952
0	1	38	615	698
0	1	38	775	5511
0	1	38	173	9354
0	1	38	788	7675
0	1	38	970	300
0	1	38	545	1818
0	1	38	11	2206
0	1	38	224	7550
0	1	38	609	7774
0	1	38	471	7082
0	1	39	118	6974
0	1	39	14	9810
0	1	4	399	8263
0	1	4	412	4178
0	1	4	585	7432
0	1	4	366	6174
0	1	4	802	9908
0	1	4	643	9275
0	1	4	405	6470
0	1	4	793	6559
0	1	4	882	561
0	1	40	510	7270
0	1	40	133	984
0	1	40	697	6410
0	1	40	179	6945
0	1	40	301	9336
0	1	40	543	4899
0	1	41	707	3551
0	1	41	251	4401
0	1	41	499	7253
0	1	41	259	9357
0	1	41	184	9249
0	1	41	427	7505
0	1	41	562	9719
0	1	42	108	1363
0	1	42	482	549
0	1	42	170	3126
0	1	42	139	2259
0	1	42	278	5759
0	1	43	80	4385
0	1	43	817	8292
0	1	43	169	7641
0	1	43	251	7055
0	1	43	141	469
0	1	44	579	6295
0	1	44	694	8386
0	1	44	977	1188
0	1	44	338	2103
0	1	44	582	2086
0	1	44	380	1429
0	1	44	572	4927
0	1	44	792	5619
0	1	44	33	1926
0	1	44	138	3905
0	1	44	57	6564
0	1	45	172	8816
0	1	45	882	2857
0	1	45	122	3674
0	1	45	728	3574
0	1	45	899	1220
0	1	45	209	8125
0	1	45	849	1846
0	1	45	728	3084
0	1	45	456	6059
0	1	46	474	286
0	1	46	96	4960
0	1	46	281	6832
0	1	46	785	8213
0	1	46	233	3741
0	1	47	990	4329
0	1	47	988	6054
0	1	47	320	6302
0	1	47	442	1146
0	1	48	883	2871
0	1	48	371	6232
0	1	48	846	7394
0	1	48	799	4157
0	1	48	196	3400
0	1	48	824	7297
0	1	48	485	1968
0	1	48	868	2072
0	1	48	988	1950
0	1	48	745	877
0	1	48	736	8754
0	1	49	629	5639
0	1	49	218	3337
0	1	49	22	2907
0	1	49	417	4994
0	1	49	843	6918
0	1	49	286	1502
0	1	5	469	8545
0	1	5	837	3746
0	1	5	68	8614
0	1	5	80	4082
0	1	5	811	9440
0	1	50	790	3062
0	1	50	634	8111
0	1	50	259	1201
0	1	50	779	9369
0	1	50	899	3605
0	1	50	847	1116
0	1	50	812	2334
0	1	51	539	6364
0	1	51	646	5562
0	1	51	283	7371
0	1	52	779	8695
0	1	52	519	1131
0	1	52	222	9730
0	1	52	633	1731
0	1	52	491	3899
0	1	53	369	9539
0	1	53	465	3287
0	1	53	782	6307
0	1	53	163	5611
0	1	53	143	6494
0	1	53	312	9486
0	1	53	825	240
0	1	53	596	8921
0	1	53	787	5508
0	1	53	290	5111
0	1	53	231	7939
0	1	53	750	6353
0	1	54	489	9106
0	1	54	374	6078
0	1	54	861	8838
0	1	54	552	1360
0	1	54	474	9644
0	1	54	396	7044
0	1	54	413	2295
0	1	55	783	7155
0	1	55	569	9280
0	1	55	241	2073
0	1	56	761	1381
0	1	56	445	4662
0	1	56	688	8936
0	1	56	836	2219
0	1	56	195	1433
0	1	56	685	6838
0	1	56	921	5584
0	1	56	690	2356
0	1	57	697	1919
0	1	57	49	401
0	1	57	210	517
0	1	57	410	4424
0	1	58	17	7267
0	1	58	76	7365
0	1	58	805	4725
0	1	58	164	2208
0	1	58	137	4953
0	1	58	959	2754
0	1	59	485	1077
0	1	59	37	2647
0	1	59	690	725
0	1	59	677	4934
0	1	59	820	8682
0	1	59	252	9356
0	1	6	54	5165
0	1	6	270	3533
0	1	6	876	5278
0	1	6	329	2598
0	1	6	851	9888
0	1	6	872	3550
0	1	6	853	6544
0	1	6	14	4356
0	1	6	784	9982
0	1	60	856	5340
0	1	60	636	2168
0	1	60	610	7847
0	1	61	522	9668
0	1	61	479	8491
0	1	61	936	5479
0	1	61	368	7172
0	1	61	158	7521
0	1	61	817	531
0	1	61	911	8588
0	1	61	427	7912
0	1	62	931	9264
0	1	62	782	5934
0	1	62	737	6188
0	1	62	578	4912
0	1	63	269	7338
0	1	63	627	65
0	1	63	116	5755
0	1	63	83	9204
0	1	63	536	1502
0	1	63	250	3605
0	1	63	525	7117
0	1	63	991	3153
0	1	63	60	244
0	1	64	7	7945
0	1	64	728	2610
0	1	64	88	7178
0	1	64	119	9329
0	1	64	671	8866
0	1	64	871	9012
0	1	65	882	3924
0	1	65	69	9474
0	1	65	791	8188
0	1	65	624	1804
0	1	65	317	4624
0	1	65	764	3776
0	1	66	790	1391
0	1	66	693	884
0	1	66	214	5270
0	1	66	666	4992
0	1	66	608	1813
0	1	66	403	9874
0	1	66	119	1149
0	1	66	778	6128
0	1	67	821	9627
0	1	67	858	3993
0	1	67	706	2917
0	1	67	454	2611
0	1	67	936	3462
0	1	67	203	6646
0	1	67	896	7784
0	1	68	271	7881
0	1	68	574	5351
0	1	68	893	1051
0	1	68	985	7760
0	1	68	164	2536
0	1	68	909	3408
0	1	68	445	5426
0	1	69	714	8773
0	1	69	479	6711
0	1	69	831	3558
0	1	69	227	201
0	1	69	128	3572
0	1	7	931	2048
0	1	7	399	8122
0	1	7	952	283
0	1	7	112	5750
0	1	7	714	1771
0	1	7	742	7630
0	1	7	119	5525
0	1	7	283	8579
0	1	70	701	6295
0	1	70	934	9783
0	1	70	133	2609
0	1	70	241	4526
0	1	70	387	1435
0	1	70	784	3917
0	1	70	455	3745
0	1	71	898	2749
0	1	71	935	3023
0	1	71	476	5894
0	1	72	409	4494
0	1	72	161	1805
0	1	72	489	9183
0	1	72	790	9722
0	1	72	361	8803
0	1	72	68	9365
0	1	73	618	8507
0	1	73	664	3964
0	1	73	211	5616
0	1	73	997	3131
0	1	73	734	1703
0	1	74	242	5330
0	1	74	684	9951
0	1	74	487	8104
0	1	74	32	6768
0	1	75	407	8877
0	1	75	664	5483
0	1	75	932	5787
0	1	75	933	9778
0	1	75	856	5722
0	1	76	587	9045
0	1	76	622	7755
0	1	76	788	5435
0	1	76	798	1049
0	1	76	248	9007
0	1	76	259	7377
0	1	76	73	6955
0	1	76	445	5509
0	1	76	106	1557
0	1	76	415	2141
0	1	76	480	2652
0	1	76	62	5240
0	1	77	897	7822
0	1	77	748	5349
0	1	77	64	4516
0	1	77	788	7373
0	1	77	104	1550
0	1	77	658	1382
0	1	78	835	9524
0	1	78	143	1244
0	1	78	179	7499
0	1	78	400	6283
0	1	79	893	698
0	1	79	587	2140
0	1	79	100	2801
0	1	79	960	2770
0	1	79	850	4106
0	1	79	490	8226
0	1	79	365	5750
0	1	8	679	9007
0	1	8	467	4038
0	1	8	7	6482
0	1	8	724	4169
0	1	8	365	4201
0	1	8	148	6472
0	1	8	304	1431
0	1	8	223	7035
0	1	8	336	3640
0	1	80	335	5026
0	1	80	778	1022
0	1	80	52	6006
0	1	80	426	4510
0	1	80	222	6115
0	1	80	889	2798
0	1	80	672	3379
0	1	81	801	3247
0	1	81	44	2426
0	1	81	916	7577
0	1	81	325	3141
0	1	81	383	129
0	1	82	758	7178
0	1	82	782	4307
0	1	82	622	3571
0	1	82	419	3551
0	1	82	215	6920
0	1	82	497	5939
0	1	82	303	5062
0	1	82	890	6977
0	1	82	353	7518
0	1	83	931	8253
0	1	83	130	9281
0	1	83	796	1806
0	1	84	193	528
0	1	84	693	3791
0	1	84	128	9008
0	1	84	307	4472
0	1	84	140	1301
0	1	85	344	8812
0	1	85	843	1345
0	1	85	994	4212
0	1	85	821	864
0	1	85	993	5213
0	1	85	84	5082
0	1	86	556	1441
0	1	87	163	4074
0	1	87	803	9471
0	1	87	732	3981
0	1	87	845	6826
0	1	88	361	7192
0	1	88	566	1141
0	1	88	649	3226
0	1	88	344	2388
0	1	88	517	9505
0	1	88	151	8655
0	1	89	659	2527
0	1	89	494	4206
0	1	89	85	7682
0	1	89	478	7573
0	1	89	956	8483
0	1	9	726	3769
0	1	9	583	2106
0	1	9	647	4303
0	1	9	884	1961
0	1	9	855	9878
0	1	9	924	1474
0	1	90	495	3055
0	1	90	499	1480
0	1	90	200	4374
0	1	90	404	3077
0	1	90	482	257
0	1	90	83	9501
0	1	91	652	8373
0	1	91	103	2136
0	1	91	336	7643
0	1	91	600	8879
0	1	91	818	5616
0	1	91	291	9626
0	1	93	870	1820
0	1	93	574	9747
0	1	93	815	4635
0	1	93	813	5881
0	1	93	917	8000
0	1	93	798	1911
0	1	93	32	582
0	1	93	295	4937
0	1	94	979	5837
0	1	94	810	8308
0	1	94	232	852
0	1	94	479	8168
0	1	94	935	2085
0	1	95	374	5669
0	1	95	35	5900
0	1	95	552	3893
0	1	95	952	8483
0	1	95	181	2397
0	1	95	600	5975
0	1	95	905	9819
0	1	96	497	983
0	1	96	643	6796
0	1	96	463	3522
0	1	96	936	1121
0	1	96	163	673
0	1	96	663	1086
0	1	96	925	541
0	1	97	797	6680
0	1	97	820	297
0	1	97	119	329
0	1	98	820	3570
0	1	98	554	6462
0	1	98	861	883
0	1	98	938	5529
0	1	98	39	1329
0	1	98	487	9796
0	1	98	372	41
0	1	98	953	712
0	1	98	7	4375
0	4	0	832	5295
0	4	0	71	3012
0	4	1	887	7139
0	4	1	248	8784
0	4	1	487	5068
0	4	1	243	8288
0	4	1	43	4698
0	4	1	853	3811
0	4	10	798	5972
0	4	10	281	7743
0	4	10	511	925
0	4	10	280	1492
0	4	10	688	6146
0	4	11	792	8807
0	4	11	150	7617
0	4	12	334	1584
0	4	12	898	3539
0	4	12	252	7955
0	4	12	134	4284
0	4	12	727	5922
0	4	12	979	6524
0	4	12	184	5211
0	4	13	866	9918
0	4	13	448	8313
0	4	13	172	1548
0	4	13	175	3280
0	4	13	36	9920
0	4	13	945	2346
0	4	14	607	7947
0	4	14	401	3113
0	4	14	781	7446
0	4	14	511	1798
0	4	14	969	4129
0	4	15	105	8150
0	4	15	61	6826
0	4	15	996	3932
0	4	16	667	5293
0	4	16	159	4984
0	4	16	605	7486
0	4	16	614	8606
0	4	16	528	3769
0	4	16	232	72
0	4	16	712	4692
0	4	17	209	6776
0	4	17	216	8787
0	4	17	422	3250
0	4	17	729	5004
0	4	17	442	5380
0	4	18	828	3440
0	4	18	364	1876
0	4	18	695	1770
0	4	18	783	2179
0	4	19	564	1139
0	4	19	249	5986
0	4	19	281	581
0	4	19	782	3129
0	4	19	585	3252
0	4	2	63	7407
0	4	2	81	6407
0	4	2	293	6273
0	4	2	650	420
0	4	2	123	9291
0	4	2	750	4988
0	4	2	236	3068
0	4	20	334	9572
0	4	20	550	5278
0	4	21	952	6407
0	4	21	855	364
0	4	21	814	2569
0	4	21	299	1618
0	4	21	562	1253
0	4	21	203	9100
0	4	22	918	1987
0	4	22	507	9749
0	4	22	577	9516
0	4	22	48	7284
0	4	23	88	8304
0	4	23	130	9593
0	4	23	886	6766
0	4	24	250	3701
0	4	24	505	4711
0	4	24	305	2204
0	4	25	132	1423
0	4	25	837	7869
0	4	26	881	4161
0	4	26	749	2786
0	4	26	357	9574
0	4	26	798	380
0	4	26	413	9394
0	4	27	416	8083
0	4	27	736	3838
0	4	27	977	985
0	4	27	421	1671
0	4	27	99	6753
0	4	28	185	2962
0	4	28	972	538
0	4	28	186	978
0	4	28	717	1873
0	4	28	790	3200
0	4	28	268	9708
0	4	28	265	6473
0	4	28	649	9214
0	4	28	736	3960
0	4	29	377	9022
0	4	29	499	1768
0	4	29	708	8627
0	4	3	618	319
0	4	3	121	6832
0	4	3	108	3971
0	4	3	370	830
0	4	3	953	7038
0	4	3	986	1021
0	4	3	104	938
0	4	3	29	8365
0	4	3	341	8544
0	4	30	297	1800
0	4	30	13	7386
0	4	30	931	8475
0	4	30	908	377
0	4	30	974	3109
0	4	30	365	7825
0	4	31	499	6714
0	4	31	43	9155
0	4	31	22	4225
0	4	31	369	1573
0	4	31	406	3940
0	4	31	67	122
0	4	32	195	5083
0	4	32	656	7646
0	4	32	415	6410
0	4	32	746	9175
0	4	33	943	1954
0	4	33	467	4739
0	4	33	221	9833
0	4	33	582	5059
0	4	33	246	6611
0	4	33	53	1672
0	4	33	619	6373
0	4	33	868	2276
0	4	33	97	8644
0	4	33	792	3868
0	4	33	742	4133
0	4	33	246	6258
0	4	33	681	9988
0	4	34	519	1689
0	4	34	136	9402
0	4	34	764	6364
0	4	34	684	850
0	4	34	847	6099
0	4	35	255	9406
0	4	35	330	1880
0	4	35	191	6986
0	4	35	710	3706
0	4	35	596	6372
0	4	35	647	4276
0	4	35	206	1628
0	4	36	672	1372
0	4	36	61	3320
0	4	36	705	1697
0	4	36	4	9660
0	4	36	779	2133
0	4	36	869	6953
0	4	36	166	8814
0	4	36	750	4430
0	4	37	648	3917
0	4	37	657	9744
0	4	37	572	9458
0	4	37	388	8039
0	4	37	807	7137
0	4	38	418	9740
0	4	38	608	7904
0	4	38	873	6856
0	4	38	399	5938
0	4	38	85	6563
0	4	38	869	3665
0	4	38	402	9312
0	4	38	406	5313
0	4	39	201	4994
0	4	39	894	628
0	4	39	446	3071
0	4	39	764	5661
0	4	39	248	7531
0	4	39	887	71
0	4	4	21	2011
0	4	4	876	9980
0	4	4	795	3858
0	4	4	754	7318
0	4	4	73	6067
0	4	40	416	5
0	4	40	891	2795
0	4	40	134	1221
0	4	40	253	3104
0	4	40	83	9054
0	4	40	846	4519
0	4	40	76	5119
0	4	40	700	1546
0	4	40	707	8250
0	4	40	675	4283
0	4	40	954	2090
0	4	41	135	6237
0	4	41	135	4614
0	4	41	360	8172
0	4	41	868	4407
0	4	41	557	7818
0	4	41	43	6719
0	4	42	184	6571
0	4	42	519	5153
0	4	42	66	2732
0	4	42	351	6092
0	4	42	106	1677
0	4	42	777	3713
0	4	42	576	6236
0	4	42	765	3695
0	4	42	844	628
0	4	42	17	5206
0	4	43	13	4145
0	4	43	819	8456
0	4	43	66	9362
0	4	43	673	4951
0	4	43	832	4291
0	4	43	478	3046
0	4	44	189	3663
0	4	44	728	8257
0	4	44	255	5965
0	4	44	635	3948
0	4	44	816	6519
0	4	44	171	2155
0	4	44	758	2223
0	4	44	813	8902
0	4	44	748	5621
0	4	44	4	5731
0	4	44	39	1315
0	4	45	693	5971
0	4	45	820	3496
0	4	46	796	4135
0	4	46	28	2114
0	4	46	866	3398
0	4	46	24	2162
0	4	46	891	945
0	4	46	933	1285
0	4	46	632	5331
0	4	46	881	6530
0	4	46	799	7178
0	4	47	914	8822
0	4	47	52	185
0	4	47	926	3993
0	4	47	407	5376
0	4	47	60	7221
0	4	47	149	581
0	4	47	169	8918
0	4	48	724	5744
0	4	48	690	7961
0	4	48	299	638
0	4	48	129	2720
0	4	48	896	6241
0	4	48	288	8740
0	4	49	296	4477
0	4	49	391	1778
0	4	49	645	6073
0	4	49	20	2733
0	4	49	179	8029
0	4	5	979	9354
0	4	5	623	7601
0	4	5	70	7381
0	4	5	654	9443
0	4	5	257	6584
0	4	5	340	917
0	4	5	700	6278
0	4	50	905	9896
0	4	50	769	5701
0	4	50	515	7538
0	4	50	503	3703
0	4	50	528	3288
0	4	50	774	1958
0	4	50	281	2784
0	4	50	332	7492
0	4	50	625	1971
0	4	51	531	7225
0	4	51	5	1206
0	4	51	942	2267
0	4	51	692	4679
0	4	51	403	2180
0	4	52	108	3790
0	4	52	88	9988
0	4	52	39	7647
0	4	52	930	6217
0	4	52	467	7047
0	4	52	178	1532
0	4	52	34	6337
0	4	52	474	3
0	4	53	367	441
0	4	53	786	7507
0	4	53	401	2451
0	4	53	436	5962
0	4	53	826	906
0	4	54	100	4769
0	4	54	180	2054
0	4	54	49	2168
0	4	54	946	239
0	4	55	253	1878
0	4	55	47	4780
0	4	55	462	5927
0	4	55	925	8411
0	4	55	456	1466
0	4	56	60	5983
0	4	56	402	9130
0	4	56	375	1303
0	4	56	282	7795
0	4	56	665	8512
0	4	57	393	117
0	4	57	498	1171
0	4	57	134	7627
0	4	57	590	1365
0	4	58	996	5686
0	4	58	391	9293
0	4	58	811	6164
0	4	58	552	3564
0	4	58	932	761
0	4	58	988	3438
0	4	58	216	4665
0	4	58	255	51
0	4	59	712	1463
0	4	59	233	2722
0	4	59	556	29
0	4	59	568	418
0	4	6	51	6879
0	4	6	708	6593
0	4	60	570	6681
0	4	60	518	752
0	4	60	499	8046
0	4	60	99	5829
0	4	61	519	2105
0	4	61	968	8459
0	4	61	732	4829
0	4	61	215	541
0	4	61	122	6343
0	4	61	188	782
0	4	61	707	6571
0	4	62	628	2837
0	4	62	686	5118
0	4	62	945	2674
0	4	62	92	7238
0	4	62	575	5346
0	4	63	324	2095
0	4	63	331	227
0	4	63	209	3679
0	4	63	798	1198
0	4	64	810	557
0	4	64	877	3127
0	4	64	583	293
0	4	65	758	9384
0	4	65	186	6995
0	4	65	398	1120
0	4	65	862	6552
0	4	65	3	850
0	4	65	144	7917
0	4	65	855	5291
0	4	66	932	2159
0	4	66	173	2341
0	4	66	714	6624
0	4	66	562	7721
0	4	66	735	1353
0	4	66	903	2635
0	4	66	861	1520
0	4	66	706	8784
0	4	66	884	568
0	4	67	306	5561
0	4	67	985	7272
0	4	67	123	3745
0	4	67	538	6850
0	4	67	126	3247
0	4	67	1	772
0	4	67	232	1828
0	4	68	731	8189
0	4	68	173	7006
0	4	68	192	5326
0	4	68	398	7672
0	4	68	26	9447
0	4	68	678	3180
0	4	68	406	3331
0	4	69	322	6105
0	4	69	813	7228
0	4	69	488	4264
0	4	69	996	7952
0	4	69	911	5641
0	4	69	459	2023
0	4	7	716	3556
0	4	7	502	1295
0	4	7	305	4704
0	4	7	337	7284
0	4	70	69	3616
0	4	71	814	4026
0	4	71	126	6238
0	4	71	920	4092
0	4	71	560	3325
0	4	71	609	5603
0	4	72	915	4876
0	4	72	916	4342
0	4	72	250	1825
0	4	72	578	3115
0	4	73	444	6621
0	4	73	383	2663
0	4	73	616	4920
0	4	73	875	6858
0	4	73	711	8785
0	4	74	255	9520
0	4	74	623	3144
0	4	74	248	685
0	4	74	195	2014
0	4	75	322	1263
0	4	75	596	4599
0	4	75	169	108
0	4	75	875	5123
0	4	75	100	9104
0	4	75	836	234
0	4	75	689	6975
0	4	76	892	1498
0	4	76	370	9958
0	4	76	585	7653
0	4	76	392	2796
0	4	76	313	7308
0	4	77	294	427
0	4	77	240	8794
0	4	77	989	5249
0	4	77	217	8433
0	4	77	271	4018
0	4	77	336	6451
0	4	77	328	4574
0	4	77	258	5044
0	4	78	745	7035
0	4	78	823	810
0	4	78	456	122
0	4	78	722	7605
0	4	78	31	3290
0	4	78	261	948
0	4	79	854	4134
0	4	79	926	4623
0	4	79	21	3928
0	4	79	898	5024
0	4	79	453	5884
0	4	8	708	4907
0	4	8	161	9920
0	4	8	174	8297
0	4	8	843	3760
0	4	8	948	8537
0	4	8	984	9043
0	4	8	250	6702
0	4	8	460	5134
0	4	8	13	2494
0	4	80	395	4284
0	4	80	872	7920
0	4	80	238	7227
0	4	80	232	416
0	4	80	113	4764
0	4	80	290	7927
0	4	81	304	8723
0	4	81	384	1490
0	4	81	905	850
0	4	81	629	1863
0	4	81	547	8234
0	4	81	959	1536
0	4	82	476	3932
0	4	82	699	3217
0	4	82	136	9210
0	4	82	979	2755
0	4	83	42	8346
0	4	83	506	1072
0	4	83	136	9238
0	4	83	46	6873
0	4	83	33	5090
0	4	83	911	9044
0	4	83	147	2633
0	4	84	995	8180
0	4	84	201	6334
0	4	84	968	3507
0	4	85	581	8937
0	4	85	882	7527
0	4	85	448	5853
0	4	85	788	8224
0	4	85	982	3103
0	4	85	50	6882
0	4	85	518	6256
0	4	85	235	3963
0	4	85	19	7591
0	4	85	359	367
0	4	85	573	8162
0	4	86	18	1106
0	4	86	575	3977
0	4	86	18	6610
0	4	87	535	8491
0	4	87	701	9339
0	4	87	148	185
0	4	87	953	8143
0	4	87	602	8236
0	4	87	354	8065
0	4	87	114	3488
0	4	87	466	97
0	4	88	235	326
0	4	88	557	347
0	4	88	734	879
0	4	88	863	4677
0	4	88	904	4714
0	4	89	319	6335
0	4	89	58	4345
0	4	89	13	7434
0	4	89	991	2579
0	4	89	904	3262
0	4	9	678	2282
0	4	9	708	4138
0	4	9	584	4844
0	4	9	565	4312
0	4	9	832	405
0	4	9	312	9188
0	4	9	252	2755
0	4	9	109	4022
0	4	9	618	8179
0	4	90	452	4409
0	4	90	420	783
0	4	90	391	9408
0	4	90	312	6353
0	4	90	3	388
0	4	91	523	1655
0	4	91	364	6836
0	4	91	560	5545
0	4	91	459	5418
0	4	91	177	913
0	4	92	454	1060
0	4	92	318	7195
0	4	92	282	6479
0	4	92	133	2503
0	4	92	616	76
0	4	92	774	4037
0	4	92	877	7034
0	4	92	40	9031
0	4	93	16	1409
0	4	93	835	9647
0	4	93	495	4571
0	4	93	582	3135
0	4	93	649	159
0	4	93	946	149
0	4	93	639	5042
0	4	93	358	1111
0	4	93	362	8893
0	4	93	574	8468
0	4	93	951	3275
0	4	93	593	1123
0	4	93	264	7757
0	4	94	169	5338
0	4	94	613	7161
0	4	94	980	1868
0	4	94	97	503
0	4	94	690	4595
0	4	94	696	4506
0	4	94	454	8771
0	4	95	669	6953
0	4	95	65	7624
0	4	95	172	7705
0	4	95	243	8032
0	4	95	785	536
0	4	95	139	9969
0	4	96	218	1329
0	4	96	334	9891
0	4	96	93	2673
0	4	96	157	2
0	4	96	514	3032
0	4	96	737	6588
0	4	96	722	5900
0	4	96	736	918
0	4	96	641	5032
0	4	97	724	9565
0	4	97	504	1560
0	4	97	924	8899
0	4	97	61	4929
0	4	97	424	4078
0	4	97	851	3501
0	4	98	864	5993
0	4	98	987	7924
0	4	98	157	8220
0	7	0	462	3091
0	7	0	927	7420
0	7	0	277	2054
0	7	0	335	5041
0	7	0	218	1588
0	7	1	255	1184
0	7	1	74	8021
0	7	1	354	8647
0	7	10	193	9798
0	7	10	898	1592
0	7	10	381	7310
0	7	10	928	8708
0	7	10	745	7009
0	7	11	52	4741
0	7	11	753	3272
0	7	11	908	3353
0	7	11	63	1600
0	7	12	545	5689
0	7	12	187	7734
0	7	12	401	7169
0	7	12	78	3823
0	7	12	46	8016
0	7	12	104	7942
0	7	13	799	8058
0	7	13	147	4234
0	7	13	933	4651
0	7	13	766	6826
0	7	14	868	2722
0	7	14	870	5620
0	7	14	654	7370
0	7	15	744	9034
0	7	15	547	7319
0	7	15	505	5750
0	7	15	265	927
0	7	15	725	3333
0	7	15	48	4957
0	7	15	322	9970
0	7	15	593	4897
0	7	16	987	3339
0	7	16	796	9870
0	7	16	180	2840
0	7	16	89	5624
0	7	16	551	3172
0	7	16	390	5069
0	7	16	143	2315
0	7	16	977	642
0	7	16	853	4771
0	7	17	265	2293
0	7	17	302	657
0	7	17	766	2779
0	7	18	596	5206
0	7	18	465	1769
0	7	19	698	6779
0	7	19	358	8438
0	7	19	417	2359
0	7	19	213	9377
0	7	19	251	4940
0	7	19	111	9835
0	7	19	337	3121
0	7	19	598	4566
0	7	2	198	975
0	7	2	640	9786
0	7	2	267	72
0	7	2	420	4727
0	7	2	981	6092
0	7	2	932	8936
0	7	2	737	1866
0	7	20	248	2421
0	7	20	183	75
0	7	20	972	6689
0	7	20	987	3385
0	7	20	816	8122
0	7	20	336	6215
0	7	20	850	8345
0	7	21	566	1159
0	7	21	224	3049
0	7	21	361	6338
0	7	21	757	5128
0	7	21	682	2320
0	7	21	748	643
0	7	22	656	7978
0	7	22	431	9423
0	7	22	293	8234
0	7	22	57	803
0	7	22	639	201
0	7	23	32	925
0	7	23	452	8853
0	7	23	818	2888
0	7	24	564	4989
0	7	24	140	1264
0	7	24	721	7972
0	7	24	718	4431
0	7	24	153	5435
0	7	24	637	7149
0	7	25	844	9761
0	7	25	854	2514
0	7	25	895	8860
0	7	25	817	8855
0	7	25	438	2789
0	7	25	291	4695
0	7	25	959	1107
0	7	26	636	3992
0	7	26	497	3955
0	7	26	509	2986
0	7	26	115	3735
0	7	27	657	7868
0	7	27	765	7847
0	7	27	239	4987
0	7	27	153	7876
0	7	27	374	1207
0	7	27	322	6517
0	7	28	602	892
0	7	28	476	1260
0	7	28	267	2053
0	7	28	529	6084
0	7	28	13	2397
0	7	28	927	8479
0	7	29	520	4649
0	7	29	803	5811
0	7	29	229	7313
0	7	29	669	1115
0	7	29	56	2571
0	7	3	269	4700
0	7	3	540	7300
0	7	30	384	4206
0	7	30	804	2879
0	7	30	505	5319
0	7	30	727	4378
0	7	30	450	6790
0	7	30	936	8006
0	7	30	988	3396
0	7	30	823	3534
0	7	30	247	4655
0	7	30	855	5107
0	7	30	254	3892
0	7	30	699	8633
0	7	31	155	3456
0	7	31	954	610
0	7	32	4	3433
0	7	32	849	8396
0	7	32	198	4644
0	7	32	727	2615
0	7	32	817	5095
0	7	32	448	8417
0	7	32	896	1983
0	7	32	465	4329
0	7	33	481	5552
0	7	33	191	3144
0	7	33	737	4892
0	7	33	112	479
0	7	34	413	4330
0	7	34	768	9706
0	7	34	954	5377
0	7	35	304	2090
0	7	35	691	6554
0	7	35	912	1712
0	7	35	369	5505
0	7	35	530	1062
0	7	35	320	1656
0	7	35	262	1253
0	7	35	734	4118
0	7	35	526	5170
0	7	35	251	3343
0	7	36	579	308
0	7	36	208	3429
0	7	36	493	2600
0	7	36	676	5609
0	7	36	151	3999
0	7	36	854	8792
0	7	37	679	16
0	7	37	170	7326
0	7	38	974	7933
0	7	38	702	2841
0	7	38	691	7143
0	7	38	597	1286
0	7	39	639	5897
0	7	39	281	2290
0	7	39	57	8468
0	7	39	609	3117
0	7	39	979	843
0	7	39	44	4216
0	7	39	582	2724
0	7	39	802	3780
0	7	39	214	5942
0	7	39	639	6046
0	7	39	11	1901
0	7	4	565	3250
0	7	4	351	1746
0	7	4	311	6797
0	7	4	607	4579
0	7	4	85	3604
0	7	4	893	5285
0	7	4	25	2878
0	7	40	595	3312
0	7	40	590	6164
0	7	40	118	7604
0	7	40	664	5302
0	7	40	522	2545
0	7	40	752	782
0	7	41	788	901
0	7	41	931	5812
0	7	41	574	5125
0	7	42	246	3195
0	7	42	527	2282
0	7	42	841	4812
0	7	42	326	2493
0	7	43	316	9393
0	7	43	224	5902
0	7	43	19	2081
0	7	44	182	6931
0	7	44	301	5094
0	7	44	800	2734
0	7	44	691	1303
0	7	44	862	2375
0	7	44	618	7546
0	7	44	211	4036
0	7	45	374	1365
0	7	45	946	3480
0	7	45	752	7404
0	7	45	278	282
0	7	45	514	4470
0	7	46	777	3446
0	7	46	105	8865
0	7	46	754	725
0	7	46	763	7326
0	7	46	791	8970
0	7	46	449	3197
0	7	46	536	2772
0	7	46	943	3438
0	7	47	883	8247
0	7	47	956	2935
0	7	47	626	3139
0	7	47	174	2760
0	7	47	441	6662
0	7	48	319	5014
0	7	48	778	9352
0	7	48	667	1185
0	7	49	444	2006
0	7	49	720	7064
0	7	49	165	2378
0	7	5	674	4218
0	7	5	109	1236
0	7	5	528	4469
0	7	5	67	5088
0	7	50	812	2796
0	7	50	735	5317
0	7	50	863	1094
0	7	50	484	1435
0	7	50	344	3299
0	7	50	200	7712
0	7	50	160	2744
0	7	50	706	7307
0	7	50	726	6218
0	7	50	316	6848
0	7	51	449	4401
0	7	51	224	2719
0	7	51	147	1238
0	7	52	908	4681
0	7	52	638	1348
0	7	52	390	7257
0	7	52	712	9758
0	7	53	230	3605
0	7	53	180	9982
0	7	53	581	9584
0	7	53	861	5012
0	7	53	424	4544
0	7	53	734	3866
0	7	54	967	6443
0	7	54	157	2685
0	7	54	199	4427
0	7	54	708	5230
0	7	54	421	5384
0	7	54	315	5054
0	7	54	219	4156
0	7	54	44	5649
0	7	55	734	9900
0	7	55	816	1589
0	7	55	284	2972
0	7	55	61	1185
0	7	55	181	4636
0	7	55	492	3615
0	7	55	794	5170
0	7	55	819	2851
0	7	55	84	35
0	7	56	324	9952
0	7	56	577	5650
0	7	56	239	1180
0	7	56	507	5102
0	7	56	525	4765
0	7	57	320	3243
0	7	57	191	6983
0	7	57	458	2524
0	7	57	306	922
0	7	57	606	4834
0	7	58	793	72
0	7	58	418	7780
0	7	58	915	9943
0	7	58	506	8912
0	7	59	436	2794
0	7	59	231	3568
0	7	59	809	6849
0	7	59	355	7588
0	7	6	286	3156
0	7	6	991	5675
0	7	6	259	9404
0	7	6	39	5107
0	7	6	853	677
0	7	6	251	5660
0	7	6	601	7658
0	7	6	340	9860
0	7	60	950	5151
0	7	60	225	2061
0	7	60	34	2825
0	7	60	0	4076
0	7	60	988	814
0	7	61	213	3519
0	7	61	156	3856
0	7	61	537	921
0	7	61	239	4880
0	7	61	156	5473
0	7	62	108	8304
0	7	62	942	5032
0	7	62	359	5436
0	7	62	941	9887
0	7	62	496	2983
0	7	62	648	940
0	7	63	357	135
0	7	63	656	7867
0	7	63	456	8530
0	7	63	568	506
0	7	63	636	4492
0	7	63	346	137
0	7	63	597	2441
0	7	63	994	5279
0	7	63	770	8559
0	7	63	8	8047
0	7	63	289	1376
0	7	63	881	8619
0	7	64	879	6930
0	7	64	426	9526
0	7	64	980	3075
0	7	64	939	865
0	7	64	35	242
0	7	64	122	1827
0	7	65	95	7341
0	7	65	800	7836
0	7	65	675	3121
0	7	66	80	429
0	7	66	25	3277
0	7	66	702	912
0	7	66	269	6013
0	7	66	432	3456
0	7	66	59	9937
0	7	67	322	924
0	7	67	375	3636
0	7	67	513	9101
0	7	67	295	5619
0	7	67	557	6426
0	7	67	879	9903
0	7	68	481	5619
0	7	68	659	8735
0	7	68	676	180
0	7	68	895	6480
0	7	68	69	6069
0	7	68	307	1075
0	7	68	236	9749
0	7	68	920	5156
0	7	69	212	1495
0	7	69	172	1191
0	7	69	512	5138
0	7	69	62	1505
0	7	69	19	6688
0	7	69	498	6334
0	7	69	187	526
0	7	69	651	3712
0	7	69	708	6992
0	7	69	280	2392
0	7	69	832	2191
0	7	7	537	3488
0	7	7	277	2822
0	7	7	447	3315
0	7	7	81	1961
0	7	7	765	3658
0	7	7	855	3368
0	7	7	877	5015
0	7	7	892	6848
0	7	70	388	6945
0	7	71	235	5033
0	7	71	293	7802
0	7	71	842	235
0	7	71	6	1313
0	7	71	20	9895
0	7	71	776	1312
0	7	71	53	9892
0	7	71	189	225
0	7	71	577	862
0	7	71	270	6539
0	7	72	961	6423
0	7	72	147	2092
0	7	72	843	237
0	7	72	825	6669
0	7	72	892	7012
0	7	72	285	3339
0	7	73	199	379
0	7	73	86	880
0	7	73	986	2727
0	7	73	577	6223
0	7	73	31	7393
0	7	73	122	2931
0	7	73	442	6637
0	7	73	192	2490
0	7	74	466	1
0	7	74	181	3225
0	7	74	767	9062
0	7	74	584	5036
0	7	74	730	5798
0	7	75	54	4699
0	7	75	934	362
0	7	75	64	8467
0	7	75	533	8987
0	7	75	530	1064
0	7	75	573	5370
0	7	76	415	6911
0	7	76	619	9216
0	7	76	788	8779
0	7	76	459	2044
0	7	76	534	2722
0	7	76	740	7388
0	7	76	740	5421
0	7	76	387	5640
0	7	76	651	5454
0	7	76	46	1367
0	7	77	985	5853
0	7	77	990	2758
0	7	77	379	2285
0	7	77	163	4024
0	7	77	389	6472
0	7	77	777	6794
0	7	77	594	3766
0	7	77	779	903
0	7	77	250	9387
0	7	78	450	8242
0	7	78	139	9156
0	7	78	198	8559
0	7	78	557	6685
0	7	78	393	8564
0	7	78	76	5713
0	7	79	137	5744
0	7	79	50	2193
0	7	79	131	5535
0	7	79	953	2738
0	7	8	489	904
0	7	8	825	2685
0	7	8	96	4164
0	7	8	749	9292
0	7	8	747	4329
0	7	8	973	6309
0	7	8	303	8400
0	7	8	893	7034
0	7	8	525	2350
0	7	8	620	5625
0	7	8	256	1335
0	7	8	275	4847
0	7	8	860	4802
0	7	80	851	7993
0	7	80	247	4740
0	7	80	164	3967
0	7	80	649	5877
0	7	80	576	2951
0	7	80	269	2451
0	7	81	46	4084
0	7	81	923	9124
0	7	81	724	2732
0	7	81	724	3850
0	7	81	148	8270
0	7	81	949	3295
0	7	81	927	7612
0	7	81	776	8093
0	7	82	439	3987
0	7	82	340	586
0	7	82	58	1101
0	7	82	106	2263
0	7	82	581	5347
0	7	83	220	9228
0	7	83	364	5125
0	7	83	974	9947
0	7	83	548	7598
0	7	83	592	4428
0	7	83	28	663
0	7	83	162	9845
0	7	83	148	9923
0	7	84	696	9511
0	7	84	375	3853
0	7	84	514	4379
0	7	84	448	1555
0	7	84	535	4605
0	7	85	123	2278
0	7	85	441	6261
0	7	86	395	5895
0	7	86	344	2378
0	7	86	152	8212
0	7	86	925	8871
0	7	86	249	4877
0	7	86	755	579
0	7	86	948	7016
0	7	86	721	6134
0	7	86	689	8090
0	7	87	585	4667
0	7	87	258	834
0	7	87	985	934
0	7	87	483	5121
0	7	87	907	3523
0	7	87	74	7112
0	7	88	792	6181
0	7	88	528	6582
0	7	88	655	3535
0	7	88	887	9203
0	7	88	862	3574
0	7	88	571	3719
0	7	89	455	8859
0	7	89	629	2861
0	7	89	932	3191
0	7	89	440	2064
0	7	89	95	7481
0	7	9	564	2618
0	7	9	309	5587
0	7	9	941	7541
0	7	9	781	7329
0	7	9	412	8325
0	7	9	877	6097
0	7	90	203	5599
0	7	90	646	4450
0	7	90	478	2111
0	7	90	550	6093
0	7	90	971	2117
0	7	90	463	9592
0	7	90	164	8647
0	7	90	419	4616
0	7	91	828	1127
0	7	91	559	1763
0	7	91	142	2331
0	7	91	568	1437
0	7	92	839	1613
0	7	92	780	6991
0	7	92	961	1378
0	7	93	16	4370
0	7	93	202	8540
0	7	94	317	224
0	7	94	554	6287
0	7	94	500	9978
0	7	94	18	7629
0	7	94	365	2776
0	7	94	177	9282
0	7	94	866	5323
0	7	95	183	417
0	7	95	200	6269
0	7	95	477	7982
0	7	95	355	5854
0	7	95	335	1632
0	7	96	506	1450
0	7	96	669	5615
0	7	96	352	2421
0	7	96	426	7559
0	7	96	103	7669
0	7	98	591	7522
0	7	98	125	2051
