0	2	0	80	5847
0	2	0	14	5660
0	2	0	724	614
0	2	0	10	8973
0	2	0	951	6512
0	2	0	910	3702
0	2	0	352	2165
0	2	0	597	1051
0	2	0	476	3765
0	2	0	466	5374
0	2	0	609	6888
0	2	1	637	4774
0	2	1	479	6552
0	2	10	747	4541
0	2	10	460	3221
0	2	10	540	773
0	2	10	480	8908
0	2	10	229	7994
0	2	10	824	6059
0	2	11	520	3590
0	2	11	697	1322
0	2	11	561	217
0	2	12	185	746
0	2	12	968	9730
0	2	12	726	1983
0	2	12	662	3687
0	2	13	407	1179
0	2	13	898	2549
0	2	13	514	3201
0	2	13	890	2566
0	2	13	769	476
0	2	13	797	6103
0	2	13	31	760
0	2	13	938	4914
0	2	13	669	2714
0	2	14	564	1999
0	2	14	325	1119
0	2	14	234	1155
0	2	14	657	3949
0	2	14	780	7876
0	2	15	777	5039
0	2	15	843	3672
0	2	15	37	5716
0	2	15	512	2228
0	2	15	975	9143
0	2	16	452	1529
0	2	16	398	8787
0	2	16	535	5193
0	2	16	101	796
0	2	16	496	2512
0	2	16	575	1681
0	2	16	880	6435
0	2	16	433	1865
0	2	17	915	9616
0	2	17	712	4924
0	2	17	898	5589
0	2	17	114	6372
0	2	17	356	7164
0	2	18	816	5669
0	2	18	143	4013
0	2	18	451	1751
0	2	18	572	5611
0	2	19	521	5523
0	2	19	992	122
0	2	19	605	2952
0	2	19	623	4280
0	2	19	833	5589
0	2	2	67	7685
0	2	2	429	6438
0	2	2	521	3325
0	2	2	61	6262
0	2	2	321	2712
0	2	2	703	4720
0	2	2	292	5697
0	2	2	646	3081
0	2	20	315	6094
0	2	20	751	7771
0	2	20	523	7595
0	2	20	829	4706
0	2	20	801	2446
0	2	21	336	5437
0	2	21	459	6712
0	2	21	887	6361
0	2	21	273	8983
0	2	21	527	1624
0	2	21	308	137
0	2	22	47	9910
0	2	22	673	8322
0	2	22	722	5324
0	2	22	410	9025
0	2	22	360	5294
0	2	23	968	1100
0	2	23	246	9645
0	2	23	689	6260
0	2	23	622	3696
0	2	23	789	7289
0	2	23	982	6179
0	2	23	525	1723
0	2	23	230	4044
0	2	23	214	3684
0	2	24	819	7438
0	2	24	569	1684
0	2	24	725	1434
0	2	24	945	6747
0	2	24	771	1702
0	2	24	354	5028
0	2	24	562	827
0	2	24	378	5654
0	2	25	423	3973
0	2	25	99	1666
0	2	25	654	2879
0	2	26	501	8512
0	2	26	191	3440
0	2	26	657	5814
0	2	26	598	4306
0	2	26	319	9233
0	2	26	916	4242
0	2	27	856	4643
0	2	27	384	461
0	2	27	466	2842
0	2	27	163	7388
0	2	27	244	1789
0	2	27	626	8663
0	2	27	96	4339
0	2	27	818	4202
0	2	27	267	3376
0	2	28	611	8954
0	2	28	57	5051
0	2	28	826	4183
0	2	29	354	113
0	2	29	735	9060
0	2	29	729	982
0	2	29	25	935
0	2	3	758	602
0	2	3	23	7424
0	2	3	466	4982
0	2	3	773	7280
0	2	30	875	1646
0	2	30	963	3480
0	2	30	253	228
0	2	30	42	4448
0	2	30	372	4139
0	2	30	563	5878
0	2	31	152	4590
0	2	31	298	8266
0	2	31	122	2210
0	2	31	37	7014
0	2	31	83	416
0	2	32	580	9760
0	2	32	910	2092
0	2	32	408	177
0	2	33	241	4660
0	2	33	333	7079
0	2	34	390	7624
0	2	34	391	4513
0	2	34	326	7385
0	2	34	584	2455
0	2	34	665	9651
0	2	34	119	5280
0	2	35	967	7026
0	2	35	2	5267
0	2	35	303	7842
0	2	35	914	7989
0	2	35	149	8188
0	2	36	573	2137
0	2	36	45	7218
0	2	36	176	1165
0	2	36	579	1743
0	2	36	989	7895
0	2	37	597	4899
0	2	37	782	1395
0	2	37	519	3385
0	2	37	154	528
0	2	37	982	4180
0	2	37	716	862
0	2	38	384	6988
0	2	38	10	6064
0	2	39	229	1445
0	2	39	580	9892
0	2	39	815	787
0	2	39	218	8271
0	2	39	510	5128
0	2	39	779	2635
0	2	39	801	1811
0	2	39	547	1084
0	2	39	234	1424
0	2	4	907	6697
0	2	4	194	8267
0	2	4	509	9954
0	2	4	956	297
0	2	4	30	7357
0	2	40	960	3088
0	2	40	310	3394
0	2	40	175	4332
0	2	40	418	2537
0	2	40	882	3294
0	2	40	322	1913
0	2	40	439	1695
0	2	41	361	7218
0	2	41	340	6891
0	2	41	541	5612
0	2	41	442	7940
0	2	41	43	6063
0	2	41	894	80
0	2	42	586	5217
0	2	42	321	8987
0	2	42	234	3608
0	2	42	848	1726
0	2	42	406	9886
0	2	42	906	5192
0	2	42	521	8968
0	2	43	692	6609
0	2	43	943	7859
0	2	43	811	2760
0	2	44	181	520
0	2	44	801	4272
0	2	44	491	8934
0	2	44	280	5295
0	2	44	624	3127
0	2	44	164	5858
0	2	44	919	799
0	2	45	636	5635
0	2	45	201	6249
0	2	45	864	4544
0	2	45	337	6822
0	2	46	68	3474
0	2	46	850	9664
0	2	46	15	6592
0	2	46	946	8674
0	2	46	626	6143
0	2	47	930	7290
0	2	47	806	5804
0	2	47	17	4405
0	2	47	86	4277
0	2	47	613	2947
0	2	47	251	2923
0	2	48	968	923
0	2	48	35	7605
0	2	48	966	1351
0	2	48	184	8768
0	2	48	593	8468
0	2	48	698	9054
0	2	48	236	3634
0	2	48	822	4824
0	2	48	189	50
0	2	49	427	8292
0	2	49	173	6756
0	2	49	851	6713
0	2	49	629	5204
0	2	49	812	45
0	2	49	951	4138
0	2	5	95	7550
0	2	5	560	9523
0	2	5	711	6742
0	2	5	461	6060
0	2	5	568	3168
0	2	50	236	9746
0	2	50	583	9691
0	2	50	492	9505
0	2	51	883	5229
0	2	51	880	3362
0	2	51	604	5300
0	2	51	43	5281
0	2	51	888	9830
0	2	51	757	9860
0	2	51	451	6713
0	2	51	160	5116
0	2	52	249	6587
0	2	52	292	869
0	2	52	177	7745
0	2	52	598	5975
0	2	52	991	8810
0	2	52	583	2152
0	2	52	609	6227
0	2	52	235	5441
0	2	52	804	2611
0	2	53	283	880
0	2	53	597	902
0	2	53	270	2749
0	2	53	434	8387
0	2	53	337	5668
0	2	53	67	4316
0	2	53	137	3098
0	2	53	823	4256
0	2	53	266	4802
0	2	53	154	5665
0	2	54	495	2823
0	2	54	946	9723
0	2	54	863	8323
0	2	54	150	1714
0	2	54	555	8140
0	2	55	388	2685
0	2	55	709	4220
0	2	56	251	6186
0	2	56	470	489
0	2	56	416	6531
0	2	56	691	3146
0	2	56	240	6806
0	2	57	524	3794
0	2	57	214	8136
0	2	57	209	8219
0	2	57	457	9313
0	2	57	822	3502
0	2	57	564	6637
0	2	58	855	3339
0	2	58	848	4354
0	2	58	203	5262
0	2	58	502	8213
0	2	58	87	725
0	2	58	292	3975
0	2	58	247	2663
0	2	58	932	16
0	2	58	219	5682
0	2	59	873	2261
0	2	59	233	3440
0	2	59	269	8202
0	2	59	31	2091
0	2	59	237	7575
0	2	59	791	8931
0	2	59	712	3997
0	2	59	793	7112
0	2	59	483	6822
0	2	6	868	709
0	2	6	553	4123
0	2	60	786	5937
0	2	60	703	5606
0	2	60	60	1046
0	2	60	682	1360
0	2	60	737	102
0	2	60	913	6716
0	2	60	656	2688
0	2	61	275	667
0	2	61	648	9770
0	2	61	208	1391
0	2	61	234	8514
0	2	61	214	875
0	2	61	279	6354
0	2	62	469	9670
0	2	62	478	3215
0	2	62	400	614
0	2	62	9	690
0	2	62	835	4211
0	2	62	532	5027
0	2	62	490	9857
0	2	62	415	721
0	2	62	603	2030
0	2	63	685	5700
0	2	63	753	4517
0	2	63	561	2515
0	2	63	357	5716
0	2	63	240	8352
0	2	63	504	8758
0	2	63	62	6973
0	2	63	57	933
0	2	64	823	1601
0	2	64	100	8853
0	2	64	295	8855
0	2	64	734	5487
0	2	64	223	3065
0	2	64	562	3657
0	2	64	248	8744
0	2	65	574	3875
0	2	65	954	486
0	2	65	549	2741
0	2	65	671	2940
0	2	65	86	4591
0	2	65	788	2224
0	2	65	211	8769
0	2	66	573	1276
0	2	66	801	9713
0	2	66	463	5295
0	2	66	475	1793
0	2	66	868	4026
0	2	67	588	6767
0	2	67	572	9663
0	2	67	749	8992
0	2	68	705	2846
0	2	68	893	3740
0	2	68	45	3028
0	2	68	74	7066
0	2	69	362	4529
0	2	7	941	6193
0	2	7	812	9440
0	2	7	601	718
0	2	7	512	8617
0	2	7	364	8421
0	2	70	707	8278
0	2	70	147	7435
0	2	70	924	1174
0	2	70	421	9196
0	2	70	90	6129
0	2	70	513	3126
0	2	70	900	6799
0	2	70	994	2135
0	2	70	661	1039
0	2	70	724	185
0	2	71	709	2946
0	2	71	23	8826
0	2	71	994	6168
0	2	71	553	3129
0	2	72	802	8975
0	2	72	849	5550
0	2	72	347	4450
0	2	73	393	7892
0	2	73	671	4013
0	2	73	458	6329
0	2	73	183	4216
0	2	73	675	537
0	2	73	452	6164
0	2	74	361	1820
0	2	74	16	3246
0	2	74	213	1021
0	2	74	625	731
0	2	75	841	7894
0	2	75	994	8389
0	2	75	862	8410
0	2	75	802	5959
0	2	76	132	3570
0	2	77	673	4165
0	2	77	446	9450
0	2	77	663	4600
0	2	77	131	7584
0	2	77	526	9798
0	2	77	328	5446
0	2	77	506	6573
0	2	78	598	7954
0	2	78	162	29
0	2	78	114	4965
0	2	79	806	5648
0	2	79	377	9017
0	2	79	303	1794
0	2	79	35	6740
0	2	79	152	4661
0	2	8	486	144
0	2	8	545	4440
0	2	8	365	4352
0	2	8	911	4478
0	2	8	416	8668
0	2	8	911	3701
0	2	80	527	234
0	2	80	164	7675
0	2	80	695	8964
0	2	80	754	3116
0	2	80	444	4378
0	2	80	44	9684
0	2	80	791	8793
0	2	80	172	802
0	2	80	468	5647
0	2	80	953	634
0	2	80	827	3101
0	2	81	888	4321
0	2	81	711	2446
0	2	81	538	647
0	2	82	429	4682
0	2	82	496	7451
0	2	82	691	1587
0	2	82	491	3427
0	2	82	732	9604
0	2	82	880	1707
0	2	82	437	9582
0	2	82	921	1903
0	2	83	69	5498
0	2	83	948	9648
0	2	83	533	2327
0	2	83	882	2697
0	2	83	964	192
0	2	83	664	9334
0	2	83	545	915
0	2	83	980	7039
0	2	84	134	5965
0	2	84	827	5173
0	2	84	92	3778
0	2	84	353	4628
0	2	84	274	9069
0	2	85	246	7498
0	2	85	590	4521
0	2	85	190	9304
0	2	85	807	665
0	2	85	956	8628
0	2	85	412	8597
0	2	86	367	2162
0	2	86	448	3602
0	2	86	998	9389
0	2	86	358	7038
0	2	86	53	2148
0	2	87	173	2157
0	2	87	369	3771
0	2	87	321	5867
0	2	87	617	1097
0	2	87	585	8562
0	2	87	361	2552
0	2	87	58	9148
0	2	87	772	7677
0	2	88	201	6524
0	2	88	225	8066
0	2	88	35	5741
0	2	88	821	8522
0	2	88	96	2043
0	2	89	417	2006
0	2	89	307	1098
0	2	89	240	4139
0	2	89	672	410
0	2	89	903	8159
0	2	89	755	4810
0	2	89	766	3565
0	2	89	323	8509
0	2	89	222	9990
0	2	9	329	8035
0	2	9	219	8818
0	2	9	811	5106
0	2	9	44	1368
0	2	9	362	4453
0	2	9	703	5337
0	2	9	632	5256
0	2	9	419	1615
0	2	9	297	2035
0	2	9	460	3384
0	2	9	487	6923
0	2	90	703	6932
0	2	90	194	4093
0	2	90	314	9550
0	2	90	256	2479
0	2	90	720	1339
0	2	91	34	6443
0	2	91	556	856
0	2	91	595	3117
0	2	91	279	6236
0	2	91	23	2694
0	2	91	408	8249
0	2	91	214	4619
0	2	91	154	5811
0	2	92	867	6470
0	2	92	968	2057
0	2	92	574	9127
0	2	92	447	3130
0	2	92	615	4490
0	2	93	870	76
0	2	93	629	864
0	2	93	912	7014
0	2	93	45	9555
0	2	93	5	5931
0	2	93	711	4043
0	2	93	281	8714
0	2	93	311	7116
0	2	94	231	8245
0	2	94	120	673
0	2	95	663	6344
0	2	96	3	8445
0	2	96	250	547
0	2	96	280	635
0	2	96	145	137
0	2	96	395	4961
0	2	96	247	1525
0	2	97	441	6550
0	2	97	391	9922
0	2	97	347	722
0	2	97	980	291
0	2	97	225	8430
0	2	97	632	2476
0	2	97	940	4545
0	2	97	661	163
0	2	97	472	1315
0	2	97	906	7958
0	2	98	543	5065
0	2	98	528	2745
0	2	98	944	3663
0	2	98	199	861
0	2	98	575	211
0	2	98	599	5481
0	2	98	232	213
0	5	0	461	8465
0	5	0	723	9701
0	5	0	392	9928
0	5	0	0	7404
0	5	0	779	8356
0	5	0	30	2891
0	5	0	429	6515
0	5	0	517	8219
0	5	0	815	3979
0	5	1	62	5296
0	5	1	865	2682
0	5	1	840	4137
0	5	1	512	666
0	5	1	189	8306
0	5	1	639	827
0	5	1	689	8519
0	5	10	136	1094
0	5	10	675	4042
0	5	11	823	2359
0	5	11	451	9028
0	5	11	407	2642
0	5	11	100	4574
0	5	11	917	9455
0	5	11	659	5763
0	5	12	738	2136
0	5	12	933	88
0	5	12	33	3789
0	5	12	631	7867
0	5	13	14	1090
0	5	13	766	1818
0	5	13	153	3424
0	5	13	329	4186
0	5	13	741	9530
0	5	13	382	4056
0	5	14	873	5309
0	5	14	906	4782
0	5	14	448	7140
0	5	14	788	9332
0	5	14	718	2378
0	5	15	217	9618
0	5	15	210	9435
0	5	15	828	1798
0	5	15	112	8527
0	5	15	960	2279
0	5	15	156	1054
0	5	15	416	9172
0	5	15	926	1043
0	5	15	496	2233
0	5	16	895	8562
0	5	16	231	9470
0	5	16	279	9627
0	5	16	760	3876
0	5	16	463	4294
0	5	17	626	4968
0	5	17	265	7512
0	5	17	760	1111
0	5	17	987	3368
0	5	17	43	9496
0	5	17	581	7164
0	5	18	653	9865
0	5	18	268	7512
0	5	18	676	9748
0	5	18	266	3468
0	5	18	736	5423
0	5	18	720	642
0	5	19	878	2383
0	5	19	853	1906
0	5	19	60	8475
0	5	19	772	958
0	5	2	465	3103
0	5	2	531	6004
0	5	2	829	1429
0	5	2	199	3837
0	5	2	953	2271
0	5	2	433	6822
0	5	20	385	7529
0	5	20	144	655
0	5	20	617	2452
0	5	20	228	4335
0	5	20	51	6880
0	5	21	827	5234
0	5	21	183	8436
0	5	21	950	8089
0	5	21	267	5178
0	5	21	682	5258
0	5	21	274	7002
0	5	21	96	9956
0	5	21	884	130
0	5	22	933	2349
0	5	22	816	9660
0	5	22	170	4017
0	5	22	929	3502
0	5	22	874	7222
0	5	23	371	2563
0	5	23	662	2639
0	5	23	477	7404
0	5	23	540	1569
0	5	24	664	2207
0	5	24	327	288
0	5	24	531	292
0	5	25	797	197
0	5	25	691	6010
0	5	25	158	5437
0	5	25	873	1981
0	5	26	33	3564
0	5	26	589	2351
0	5	26	921	4789
0	5	26	637	1508
0	5	26	45	277
0	5	26	763	3442
0	5	27	726	897
0	5	27	182	8724
0	5	27	772	8793
0	5	27	143	1976
0	5	28	409	4435
0	5	28	595	2979
0	5	28	112	8759
0	5	28	298	125
0	5	29	869	2647
0	5	29	615	6928
0	5	3	442	922
0	5	30	840	4831
0	5	30	105	999
0	5	30	994	5417
0	5	30	109	313
0	5	30	569	3198
0	5	30	364	4773
0	5	30	995	969
0	5	30	944	8404
0	5	31	348	5847
0	5	31	729	7756
0	5	31	273	5569
0	5	31	272	7429
0	5	32	257	4445
0	5	32	143	6022
0	5	32	928	8786
0	5	32	667	1140
0	5	32	751	2631
0	5	32	362	3642
0	5	32	791	7823
0	5	33	815	6277
0	5	33	293	1858
0	5	33	602	6237
0	5	33	615	4624
0	5	33	44	4648
0	5	33	250	8740
0	5	34	590	7284
0	5	34	224	9834
0	5	34	498	6903
0	5	34	289	9264
0	5	34	308	4540
0	5	34	171	1474
0	5	35	466	2862
0	5	35	354	7031
0	5	35	512	5254
0	5	36	682	4113
0	5	36	490	6994
0	5	36	542	5825
0	5	36	926	3404
0	5	36	780	3805
0	5	36	468	4514
0	5	36	71	541
0	5	36	995	8516
0	5	36	831	5997
0	5	36	77	172
0	5	36	94	5926
0	5	36	448	2682
0	5	37	276	6585
0	5	37	984	8908
0	5	37	979	9244
0	5	38	686	3771
0	5	38	709	9961
0	5	38	333	2720
0	5	38	693	4478
0	5	38	854	44
0	5	38	234	8045
0	5	39	414	7251
0	5	39	159	3171
0	5	39	835	7482
0	5	39	860	2566
0	5	39	786	2235
0	5	39	430	1815
0	5	4	69	3615
0	5	4	467	5889
0	5	4	95	2588
0	5	4	810	8571
0	5	4	232	352
0	5	4	9	9275
0	5	4	778	6077
0	5	4	271	347
0	5	4	615	7132
0	5	4	796	7790
0	5	40	254	1309
0	5	40	302	4194
0	5	40	507	2954
0	5	41	866	4397
0	5	41	918	6233
0	5	41	162	1013
0	5	41	467	4840
0	5	41	524	582
0	5	41	250	7684
0	5	41	689	799
0	5	42	226	5195
0	5	42	466	1169
0	5	42	906	6575
0	5	42	413	2493
0	5	43	803	8728
0	5	43	567	135
0	5	43	315	8931
0	5	43	313	4869
0	5	43	383	2446
0	5	43	52	3913
0	5	44	232	6773
0	5	44	626	1644
0	5	44	391	6072
0	5	44	398	3664
0	5	44	500	946
0	5	44	631	1968
0	5	44	591	9330
0	5	45	345	8023
0	5	45	276	8293
0	5	45	275	7976
0	5	46	297	5341
0	5	46	258	6743
0	5	46	266	4295
0	5	46	423	581
0	5	46	372	9973
0	5	46	456	8766
0	5	46	881	3394
0	5	47	725	8102
0	5	47	568	6524
0	5	47	486	7231
0	5	47	557	8050
0	5	47	983	4848
0	5	47	415	3627
0	5	48	732	3535
0	5	48	853	6379
0	5	48	30	2154
0	5	49	809	7523
0	5	49	437	2996
0	5	49	641	6170
0	5	49	484	6486
0	5	49	690	3087
0	5	49	149	4149
0	5	49	630	1927
0	5	5	472	2700
0	5	5	131	9824
0	5	5	17	6355
0	5	5	511	1595
0	5	5	874	6887
0	5	5	131	5821
0	5	5	70	2337
0	5	50	527	4851
0	5	50	265	7850
0	5	50	338	4956
0	5	50	197	4135
0	5	51	87	1278
0	5	51	153	8152
0	5	51	778	832
0	5	51	832	5694
0	5	52	258	6830
0	5	52	240	6338
0	5	53	633	8759
0	5	53	927	8156
0	5	53	222	4625
0	5	53	59	5120
0	5	53	692	6752
0	5	53	445	7894
0	5	53	663	5054
0	5	53	805	7952
0	5	54	961	1634
0	5	54	566	9829
0	5	54	933	5537
0	5	54	524	6444
0	5	54	90	3534
0	5	54	622	1186
0	5	54	452	7362
0	5	54	91	9654
0	5	55	555	3511
0	5	55	627	2879
0	5	55	271	2581
0	5	55	15	3906
0	5	55	777	6047
0	5	55	258	6165
0	5	55	337	1152
0	5	56	48	8715
0	5	56	180	666
0	5	56	345	6967
0	5	56	424	726
0	5	56	893	949
0	5	56	145	7685
0	5	56	531	1730
0	5	56	121	3976
0	5	57	530	2864
0	5	57	268	3020
0	5	57	654	27
0	5	57	503	6760
0	5	57	562	4533
0	5	58	660	7337
0	5	58	518	3190
0	5	58	337	6210
0	5	58	177	9791
0	5	58	771	3806
0	5	59	656	2936
0	5	59	354	8794
0	5	59	822	5582
0	5	59	74	7918
0	5	6	696	6309
0	5	6	525	6095
0	5	6	311	6052
0	5	6	361	6009
0	5	6	348	7833
0	5	60	253	2277
0	5	60	298	7094
0	5	60	317	7362
0	5	61	234	2535
0	5	61	516	3605
0	5	61	34	5233
0	5	61	548	8408
0	5	62	685	4689
0	5	62	116	8759
0	5	62	620	9307
0	5	62	993	4641
0	5	62	23	1307
0	5	62	438	334
0	5	62	514	8487
0	5	63	282	4798
0	5	63	559	9164
0	5	63	467	7186
0	5	63	325	9760
0	5	63	402	3614
0	5	63	701	2054
0	5	63	383	1192
0	5	64	390	7753
0	5	64	411	9908
0	5	64	926	7922
0	5	64	695	8786
0	5	64	891	7409
0	5	65	392	5746
0	5	65	920	4363
0	5	65	768	2490
0	5	65	742	8921
0	5	65	516	7218
0	5	65	482	1497
0	5	66	164	8985
0	5	66	723	9113
0	5	66	190	2333
0	5	66	382	797
0	5	66	347	8294
0	5	66	845	4530
0	5	67	952	8828
0	5	67	180	56
0	5	67	636	6287
0	5	67	369	8800
0	5	67	703	9311
0	5	67	556	2096
0	5	68	593	4399
0	5	68	316	9221
0	5	68	48	8710
0	5	68	982	3294
0	5	69	401	495
0	5	69	96	3282
0	5	7	332	961
0	5	7	170	6956
0	5	7	26	1592
0	5	70	61	9456
0	5	70	797	9125
0	5	70	160	7304
0	5	70	928	3190
0	5	70	536	2697
0	5	70	406	2070
0	5	70	630	7048
0	5	71	483	4342
0	5	71	390	8918
0	5	71	972	367
0	5	71	142	8912
0	5	71	239	1307
0	5	72	89	8690
0	5	72	8	5258
0	5	72	498	1269
0	5	72	473	6467
0	5	72	811	5262
0	5	73	556	9111
0	5	73	29	8581
0	5	73	434	7567
0	5	73	828	3232
0	5	74	162	8816
0	5	74	887	9716
0	5	74	430	7116
0	5	74	933	5402
0	5	74	922	3661
0	5	74	756	1733
0	5	74	623	2587
0	5	75	80	3772
0	5	75	864	1601
0	5	75	220	7305
0	5	75	465	8115
0	5	75	957	1530
0	5	75	789	6703
0	5	75	738	2318
0	5	75	192	7581
0	5	75	885	4523
0	5	75	262	3544
0	5	75	563	2700
0	5	76	115	8982
0	5	76	252	8029
0	5	76	915	6366
0	5	77	784	6647
0	5	77	949	9124
0	5	78	783	9162
0	5	78	402	9170
0	5	78	184	8325
0	5	78	491	767
0	5	78	487	5693
0	5	79	303	9643
0	5	79	285	2751
0	5	79	735	6381
0	5	79	150	6794
0	5	79	572	9638
0	5	8	343	973
0	5	8	780	2580
0	5	8	219	1633
0	5	8	567	1211
0	5	8	417	9717
0	5	8	474	4936
0	5	80	909	7472
0	5	80	645	134
0	5	80	747	480
0	5	80	912	5354
0	5	80	187	618
0	5	81	571	8777
0	5	81	388	2991
0	5	81	744	5293
0	5	81	82	7484
0	5	81	831	8530
0	5	82	343	1323
0	5	82	531	2961
0	5	82	49	9561
0	5	82	324	7943
0	5	82	664	1813
0	5	82	680	9511
0	5	83	131	1669
0	5	83	621	9601
0	5	83	998	7058
0	5	83	457	7516
0	5	84	425	7393
0	5	84	811	6705
0	5	84	179	3511
0	5	84	914	558
0	5	85	331	5939
0	5	85	74	7292
0	5	85	890	1227
0	5	85	650	766
0	5	85	148	4279
0	5	86	77	3513
0	5	86	942	6035
0	5	86	536	5145
0	5	86	926	6064
0	5	87	816	134
0	5	87	82	472
0	5	87	257	8742
0	5	87	559	8029
0	5	87	474	7979
0	5	87	858	45
0	5	87	474	1996
0	5	88	189	3324
0	5	88	163	371
0	5	88	255	478
0	5	88	644	5694
0	5	88	38	1522
0	5	89	382	3836
0	5	89	392	1167
0	5	89	91	225
0	5	89	705	9256
0	5	89	90	4952
0	5	9	353	8522
0	5	9	176	5250
0	5	9	708	8419
0	5	9	654	5010
0	5	9	321	6119
0	5	9	593	1536
0	5	9	668	6635
0	5	90	247	7578
0	5	90	321	5898
0	5	90	368	8368
0	5	90	91	3055
0	5	90	431	9852
0	5	90	916	4088
0	5	90	157	8803
0	5	90	474	6482
0	5	91	849	11
0	5	91	193	9508
0	5	91	989	8075
0	5	92	172	9491
0	5	92	356	147
0	5	92	953	5616
0	5	92	250	4232
0	5	92	62	2562
0	5	93	716	7806
0	5	93	700	3465
0	5	93	116	1416
0	5	93	259	4578
0	5	93	922	2346
0	5	93	502	1284
0	5	93	467	2539
0	5	93	986	7620
0	5	93	503	8841
0	5	93	349	5992
0	5	94	579	7319
0	5	94	526	5636
0	5	94	457	6571
0	5	95	594	223
0	5	95	46	7653
0	5	95	911	6753
0	5	95	149	9682
0	5	95	703	260
0	5	95	254	882
0	5	95	458	8894
0	5	96	47	2965
0	5	96	940	2191
0	5	96	41	4470
0	5	97	313	9555
0	5	97	342	9677
0	5	97	607	8013
0	5	97	491	6774
0	5	97	924	5534
0	5	97	846	1421
0	5	97	465	1024
0	5	98	726	4038
0	5	98	994	1282
0	5	98	416	15
0	5	98	902	5019
0	8	0	457	5546
0	8	0	135	8342
0	8	0	196	8701
0	8	1	475	6984
0	8	1	369	5746
0	8	1	286	5416
0	8	1	588	1052
0	8	1	407	1752
0	8	1	906	9255
0	8	10	67	1767
0	8	10	436	9366
0	8	10	881	1587
0	8	10	584	2227
0	8	10	746	9255
0	8	10	626	7297
0	8	11	91	9136
0	8	11	808	7527
0	8	11	920	8998
0	8	12	35	5441
0	8	12	20	886
0	8	12	730	4285
0	8	12	320	1631
0	8	13	449	7632
0	8	13	761	1701
0	8	13	153	3929
0	8	13	640	7648
0	8	13	835	7994
0	8	13	724	2119
0	8	13	401	421
0	8	13	15	9096
0	8	13	13	6626
0	8	14	256	5155
0	8	14	435	5179
0	8	14	351	579
0	8	14	457	4438
0	8	14	179	1837
0	8	14	642	8642
0	8	14	804	6222
0	8	14	478	4915
0	8	15	227	7907
0	8	15	597	1796
0	8	15	814	2553
0	8	15	932	3496
0	8	16	108	6151
0	8	16	776	3751
0	8	16	958	2579
0	8	16	96	6920
0	8	16	935	1023
0	8	16	841	6093
0	8	16	52	8018
0	8	16	359	9921
0	8	16	805	4786
0	8	16	994	9611
0	8	16	632	9976
0	8	17	650	6463
0	8	17	406	157
0	8	17	845	3405
0	8	17	34	9609
0	8	18	767	7042
0	8	18	599	75
0	8	18	655	2454
0	8	18	327	2972
0	8	18	846	1322
0	8	19	940	13
0	8	19	757	3604
0	8	19	420	4473
0	8	2	945	3366
0	8	2	440	8841
0	8	2	704	1254
0	8	2	49	5965
0	8	2	851	895
0	8	2	721	3830
0	8	2	311	7431
0	8	20	566	7074
0	8	20	85	8078
0	8	20	702	1184
0	8	20	245	6643
0	8	20	437	6090
0	8	20	694	1537
0	8	20	596	5535
0	8	20	889	4619
0	8	20	495	1905
0	8	20	985	7154
0	8	21	217	288
0	8	21	508	4009
0	8	21	308	5313
0	8	21	178	4488
0	8	21	712	7596
0	8	21	185	8747
0	8	21	502	2946
0	8	21	602	3773
0	8	21	547	1396
0	8	22	439	997
0	8	22	956	9670
0	8	22	183	7265
0	8	22	751	8189
0	8	23	177	5743
0	8	23	633	7884
0	8	23	686	4017
0	8	24	898	1281
0	8	24	561	3439
0	8	24	513	2725
0	8	24	162	8594
0	8	24	153	4514
0	8	25	641	6988
0	8	25	763	6426
0	8	25	145	2216
0	8	25	247	4513
0	8	26	831	4323
0	8	26	640	2135
0	8	26	975	4976
0	8	26	430	6132
0	8	26	789	4628
0	8	26	21	6757
0	8	26	927	7828
0	8	26	390	163
0	8	26	489	3121
0	8	27	191	8251
0	8	27	507	4934
0	8	27	746	5777
0	8	27	759	8505
0	8	27	675	4782
0	8	27	573	4991
0	8	27	441	9691
0	8	27	292	4517
0	8	27	136	5283
0	8	27	598	1100
0	8	28	666	3889
0	8	28	952	2718
0	8	28	827	9515
0	8	28	212	4851
0	8	28	82	1526
0	8	28	749	4304
0	8	28	117	9685
0	8	29	672	3408
0	8	29	701	2029
0	8	29	533	4321
0	8	29	595	1914
0	8	29	409	3799
0	8	3	661	6709
0	8	3	383	2052
0	8	3	876	9016
0	8	3	716	2734
0	8	3	374	6539
0	8	30	413	8055
0	8	30	51	7590
0	8	30	959	3295
0	8	30	506	6137
0	8	31	548	495
0	8	31	959	2538
0	8	31	316	8406
0	8	31	34	3063
0	8	31	64	2402
0	8	31	861	4482
0	8	31	446	3253
0	8	31	2	6770
0	8	31	822	9004
0	8	31	506	1179
0	8	32	649	7877
0	8	32	340	4400
0	8	32	674	3258
0	8	32	507	203
0	8	32	20	6430
0	8	32	333	4778
0	8	32	386	3345
0	8	32	297	5250
0	8	32	536	4648
0	8	33	858	7737
0	8	33	95	944
0	8	33	529	390
0	8	34	478	5939
0	8	34	662	118
0	8	34	816	5807
0	8	34	639	2505
0	8	34	480	6519
0	8	34	899	2769
0	8	34	110	6755
0	8	35	904	2512
0	8	35	14	1054
0	8	35	348	9684
0	8	36	837	3830
0	8	36	392	7404
0	8	36	484	2494
0	8	36	62	4227
0	8	37	377	4020
0	8	37	330	3634
0	8	37	77	4450
0	8	37	905	4589
0	8	37	191	9307
0	8	37	190	3358
0	8	37	969	9338
0	8	38	108	2569
0	8	38	683	4041
0	8	38	522	9918
0	8	38	614	5112
0	8	38	77	6173
0	8	38	148	8827
0	8	38	34	68
0	8	39	130	8173
0	8	39	347	6176
0	8	39	396	2503
0	8	39	754	2948
0	8	39	605	8405
0	8	39	169	7708
0	8	4	190	7603
0	8	4	470	1325
0	8	4	488	3444
0	8	4	24	2061
0	8	40	452	8641
0	8	40	402	5171
0	8	40	849	2764
0	8	40	349	4987
0	8	40	394	1341
0	8	41	231	7104
0	8	41	677	108
0	8	41	351	4262
0	8	41	722	4962
0	8	41	754	4774
0	8	41	608	6335
0	8	42	828	8040
0	8	42	398	8442
0	8	42	250	1196
0	8	43	458	6026
0	8	43	626	6712
0	8	43	563	9581
0	8	43	364	7567
0	8	44	9	8845
0	8	44	334	9590
0	8	44	535	1423
0	8	44	112	6110
0	8	44	788	6886
0	8	45	605	3862
0	8	45	385	8242
0	8	45	12	6937
0	8	45	754	5740
0	8	45	416	2305
0	8	46	724	1711
0	8	46	519	4003
0	8	46	864	4518
0	8	47	820	7643
0	8	47	861	4639
0	8	47	529	6822
0	8	47	187	3343
0	8	47	75	2062
0	8	47	231	9100
0	8	47	879	9651
0	8	47	119	965
0	8	48	312	4022
0	8	48	219	6940
0	8	49	721	6695
0	8	49	844	7757
0	8	49	276	8921
0	8	49	447	8529
0	8	5	814	1771
0	8	5	742	6057
0	8	5	247	8041
0	8	50	30	2135
0	8	50	897	7635
0	8	51	695	4798
0	8	51	829	5687
0	8	51	523	707
0	8	51	671	8034
0	8	51	210	5422
0	8	52	578	638
0	8	52	990	5979
0	8	52	744	3768
0	8	52	295	9655
0	8	53	275	1553
0	8	53	886	1674
0	8	53	379	5095
0	8	53	628	4676
0	8	53	1	8701
0	8	53	139	3320
0	8	53	837	5653
0	8	53	191	8039
0	8	54	601	4920
0	8	54	52	8369
0	8	54	385	7842
0	8	54	723	4989
0	8	54	515	5138
0	8	54	590	9842
0	8	54	335	5092
0	8	54	917	1113
0	8	54	462	6821
0	8	54	643	3467
0	8	55	931	1879
0	8	55	815	7390
0	8	55	394	3253
0	8	55	404	5376
0	8	55	922	6783
0	8	55	441	6925
0	8	55	350	5597
0	8	55	72	88
0	8	55	46	5917
0	8	55	484	2329
0	8	56	101	328
0	8	56	156	437
0	8	56	789	2756
0	8	56	335	8424
0	8	57	684	6297
0	8	57	305	2551
0	8	57	637	7725
0	8	57	520	8331
0	8	57	722	8367
0	8	57	974	7150
0	8	57	896	414
0	8	57	327	3164
0	8	57	161	7791
0	8	57	755	7083
0	8	58	943	7860
0	8	58	245	1986
0	8	59	348	5270
0	8	59	351	8995
0	8	59	621	9065
0	8	59	60	7528
0	8	6	493	1666
0	8	6	18	3992
0	8	6	38	3825
0	8	6	43	8345
0	8	6	438	9432
0	8	60	875	9337
0	8	60	164	6301
0	8	60	255	8906
0	8	60	857	9852
0	8	60	979	8915
0	8	60	682	9165
0	8	60	366	8606
0	8	60	856	4046
0	8	61	423	338
0	8	61	106	831
0	8	61	45	51
0	8	61	337	5000
0	8	61	445	453
0	8	61	962	732
0	8	61	47	3943
0	8	62	874	4967
0	8	62	623	90
0	8	62	700	6279
0	8	62	729	6887
0	8	63	176	7446
0	8	63	886	4980
0	8	63	672	8445
0	8	63	94	6599
0	8	63	340	9357
0	8	63	204	6984
0	8	63	536	6524
0	8	63	863	1410
0	8	64	801	5417
0	8	64	657	4401
0	8	64	50	6437
0	8	64	430	6223
0	8	64	321	1054
0	8	64	801	5665
0	8	65	972	3968
0	8	65	269	782
0	8	65	924	7424
0	8	66	286	8415
0	8	66	187	6006
0	8	66	766	8168
0	8	66	160	6591
0	8	66	152	8828
0	8	66	389	2181
0	8	66	254	2895
0	8	66	33	7032
0	8	67	810	7656
0	8	67	175	8431
0	8	67	601	3184
0	8	67	887	7105
0	8	67	389	737
0	8	68	100	8099
0	8	68	670	875
0	8	68	23	9700
0	8	69	851	5262
0	8	69	901	1494
0	8	69	942	349
0	8	69	967	6628
0	8	69	674	919
0	8	69	776	6688
0	8	69	844	6426
0	8	69	990	8393
0	8	69	854	9222
0	8	69	799	7722
0	8	7	231	8918
0	8	7	891	2378
0	8	7	453	5925
0	8	7	610	2419
0	8	7	414	3010
0	8	70	678	109
0	8	70	240	1387
0	8	70	605	3634
0	8	70	432	9118
0	8	70	735	5632
0	8	70	87	6254
0	8	70	127	3843
0	8	70	755	4785
0	8	71	970	2884
0	8	71	363	9470
0	8	71	359	6385
0	8	71	82	3303
0	8	71	550	5083
0	8	71	727	8896
0	8	72	358	931
0	8	72	863	9219
0	8	72	367	6195
0	8	72	544	202
0	8	72	764	1067
0	8	72	277	908
0	8	72	387	3011
0	8	73	99	1402
0	8	73	626	5445
0	8	73	434	4928
0	8	73	343	4336
0	8	73	949	4656
0	8	73	524	2670
0	8	73	900	8781
0	8	73	668	8526
0	8	74	280	8268
0	8	74	446	5583
0	8	75	182	7460
0	8	75	463	5739
0	8	75	120	4715
0	8	75	470	602
0	8	75	688	2913
0	8	75	419	3775
0	8	76	731	4836
0	8	76	481	5516
0	8	76	968	28
0	8	76	283	3218
0	8	76	787	2620
0	8	76	106	7176
0	8	76	899	7831
0	8	77	857	2155
0	8	77	989	8625
0	8	77	306	3746
0	8	77	475	1209
0	8	77	158	8561
0	8	77	935	4686
0	8	77	47	9004
0	8	77	695	49
0	8	77	64	7164
0	8	78	536	436
0	8	78	977	1039
0	8	78	180	9415
0	8	78	454	8984
0	8	79	669	548
0	8	79	631	9009
0	8	79	33	2614
0	8	79	128	5761
0	8	79	511	2194
0	8	79	126	1910
0	8	8	321	1297
0	8	8	55	5655
0	8	8	105	7662
0	8	8	927	9260
0	8	8	733	485
0	8	8	415	3166
0	8	8	819	6671
0	8	80	997	7124
0	8	80	27	5445
0	8	80	706	1264
0	8	80	158	2142
0	8	80	34	5246
0	8	80	194	4549
0	8	80	0	935
0	8	81	413	9236
0	8	81	556	6053
0	8	81	854	9565
0	8	81	321	5552
0	8	81	549	4515
0	8	82	748	7282
0	8	82	203	8065
0	8	82	466	4415
0	8	82	349	5669
0	8	82	722	6503
0	8	82	109	6711
0	8	82	566	550
0	8	82	277	50
0	8	82	876	4219
0	8	83	524	7748
0	8	83	382	763
0	8	83	607	3746
0	8	83	621	4048
0	8	83	731	3998
0	8	83	297	7002
0	8	83	453	2424
0	8	83	187	371
0	8	84	864	3344
0	8	84	95	4961
0	8	84	54	6511
0	8	84	656	6694
0	8	84	221	5447
0	8	84	808	9453
0	8	85	862	4465
0	8	86	805	1353
0	8	86	273	7872
0	8	86	267	7242
0	8	86	2	5012
0	8	86	464	9085
0	8	86	789	4228
0	8	87	264	5393
0	8	87	332	5617
0	8	87	195	5266
0	8	87	444	7179
0	8	87	461	1722
0	8	88	227	3005
0	8	88	173	7228
0	8	88	469	3835
0	8	88	235	6404
0	8	88	783	2876
0	8	88	558	7296
0	8	89	131	1640
0	8	89	792	7550
0	8	89	555	2524
0	8	89	823	722
0	8	89	149	8819
0	8	89	309	3193
0	8	89	142	1080
0	8	89	741	8024
0	8	9	892	7453
0	8	9	479	3526
0	8	9	947	3608
0	8	9	702	4799
0	8	9	165	3725
0	8	9	861	5353
0	8	90	36	3027
0	8	90	598	8785
0	8	90	735	2467
0	8	90	148	6791
0	8	90	501	7564
0	8	90	57	5507
0	8	90	814	3415
0	8	91	303	200
0	8	91	0	7123
0	8	91	29	2558
0	8	91	518	1876
0	8	91	529	711
0	8	91	67	1830
0	8	91	996	1045
0	8	91	822	1695
0	8	91	314	770
0	8	91	572	9073
0	8	92	778	9901
0	8	92	738	343
0	8	92	371	950
0	8	92	978	3178
0	8	92	769	8964
0	8	92	530	9444
0	8	93	245	2812
0	8	93	189	1914
0	8	93	677	2955
0	8	93	303	7485
0	8	93	754	6807
0	8	94	842	5755
0	8	94	752	7134
0	8	94	9	9369
0	8	95	398	7801
0	8	95	841	779
0	8	95	731	3879
0	8	95	609	7899
0	8	95	258	784
0	8	95	624	6615
0	8	95	479	77
0	8	95	916	7243
0	8	96	355	9078
0	8	96	905	1442
0	8	96	116	3975
0	8	96	625	3083
0	8	96	282	3088
0	8	96	630	8974
0	8	96	711	8282
0	8	97	708	9823
0	8	97	650	4451
0	8	97	399	419
0	8	97	107	6891
0	8	97	977	607
0	8	97	418	5101
0	8	97	689	6399
0	8	98	73	9030
0	8	98	27	8268
0	8	98	318	2301
