0	0	0	491	3375
0	0	0	96	3107
0	0	0	453	4046
0	0	0	943	9448
0	0	0	626	7583
0	0	0	180	7511
0	0	1	534	1875
0	0	1	230	7466
0	0	1	1	5625
0	0	1	728	3273
0	0	1	808	4947
0	0	10	387	7351
0	0	10	111	4036
0	0	10	386	8754
0	0	11	337	5976
0	0	11	640	8965
0	0	11	102	7841
0	0	11	874	549
0	0	11	161	2287
0	0	11	317	7048
0	0	11	11	6917
0	0	11	607	9191
0	0	12	624	7062
0	0	12	421	9818
0	0	12	841	4697
0	0	12	718	2274
0	0	13	228	1789
0	0	13	834	586
0	0	13	251	9936
0	0	13	700	5503
0	0	13	878	9938
0	0	13	712	3510
0	0	13	930	8390
0	0	14	95	1027
0	0	14	184	1335
0	0	14	163	9203
0	0	14	146	5700
0	0	14	645	5043
0	0	14	392	8945
0	0	15	534	1380
0	0	15	389	554
0	0	15	790	6253
0	0	15	517	2406
0	0	15	324	8625
0	0	15	678	5535
0	0	16	721	613
0	0	16	336	5746
0	0	16	900	4662
0	0	16	190	7670
0	0	16	584	2723
0	0	16	567	389
0	0	17	501	7048
0	0	18	935	4520
0	0	18	86	4606
0	0	18	25	961
0	0	19	114	6956
0	0	19	383	575
0	0	19	954	5030
0	0	19	719	9119
0	0	19	148	1917
0	0	2	192	5321
0	0	2	20	538
0	0	2	9	4840
0	0	2	722	1456
0	0	2	448	5610
0	0	20	149	6948
0	0	20	991	941
0	0	20	507	9640
0	0	20	603	1051
0	0	21	579	2942
0	0	21	799	573
0	0	21	560	2309
0	0	21	878	3292
0	0	21	934	4777
0	0	21	297	8159
0	0	21	687	1290
0	0	22	907	2242
0	0	23	97	3086
0	0	23	344	2940
0	0	24	254	110
0	0	24	137	3690
0	0	24	493	6205
0	0	25	705	5781
0	0	25	938	1747
0	0	25	171	935
0	0	25	822	981
0	0	26	966	1581
0	0	26	192	2026
0	0	26	859	6766
0	0	26	561	2664
0	0	26	255	7317
0	0	26	102	2962
0	0	26	196	225
0	0	27	526	5808
0	0	27	932	4454
0	0	27	295	7989
0	0	27	189	6811
0	0	27	981	5168
0	0	27	68	3626
0	0	27	126	373
0	0	27	736	8248
0	0	27	649	466
0	0	28	974	8440
0	0	28	13	6691
0	0	28	341	6154
0	0	28	551	7550
0	0	28	531	2733
0	0	29	530	7756
0	0	29	717	1923
0	0	29	824	5146
0	0	29	138	5591
0	0	29	831	9994
0	0	29	460	683
0	0	3	23	9519
0	0	3	917	2701
0	0	30	45	4046
0	0	30	122	7139
0	0	30	685	9410
0	0	30	169	6124
0	0	30	904	1424
0	0	30	116	4585
0	0	31	572	3357
0	0	31	389	1643
0	0	31	587	6988
0	0	31	838	1197
0	0	31	410	8242
0	0	31	939	4239
0	0	31	553	5843
0	0	31	138	9962
0	0	32	661	9901
0	0	32	506	2720
0	0	32	527	6236
0	0	32	330	5562
0	0	32	979	5541
0	0	32	728	8806
0	0	33	904	3143
0	0	33	436	1595
0	0	33	657	4794
0	0	34	731	6273
0	0	34	285	1158
0	0	35	520	4210
0	0	35	37	9742
0	0	35	262	1681
0	0	35	559	8452
0	0	35	441	6393
0	0	35	246	3340
0	0	35	562	1935
0	0	36	973	1353
0	0	36	426	8061
0	0	36	821	3733
0	0	36	861	5709
0	0	36	411	1023
0	0	36	901	3445
0	0	36	394	6610
0	0	36	822	543
0	0	36	75	9457
0	0	36	661	3416
0	0	37	265	8493
0	0	37	964	5478
0	0	37	526	5340
0	0	37	23	3327
0	0	37	439	1236
0	0	37	644	6437
0	0	37	319	2432
0	0	37	981	1812
0	0	37	823	8436
0	0	37	967	7048
0	0	38	796	6362
0	0	38	404	477
0	0	38	982	2802
0	0	38	511	1739
0	0	39	982	2448
0	0	4	918	9548
0	0	4	145	8956
0	0	4	104	1283
0	0	4	31	8002
0	0	4	783	73
0	0	4	767	3695
0	0	4	202	4368
0	0	4	436	1964
0	0	40	786	445
0	0	40	397	9466
0	0	40	821	2389
0	0	41	992	8472
0	0	41	972	3777
0	0	41	573	9059
0	0	41	310	4145
0	0	41	231	4696
0	0	41	30	7152
0	0	41	893	7030
0	0	41	578	3998
0	0	41	445	7365
0	0	41	862	9349
0	0	42	762	1311
0	0	42	487	3980
0	0	42	258	4814
0	0	42	935	1205
0	0	42	272	5721
0	0	42	248	7786
0	0	42	697	3472
0	0	42	222	8199
0	0	42	107	1432
0	0	43	267	4022
0	0	43	499	623
0	0	43	437	2092
0	0	43	856	474
0	0	43	330	9363
0	0	43	74	1049
0	0	43	169	5576
0	0	43	537	1489
0	0	44	362	2364
0	0	44	204	7785
0	0	44	138	3391
0	0	44	886	8790
0	0	44	213	8959
0	0	44	443	9550
0	0	44	914	1219
0	0	44	292	4755
0	0	44	31	8275
0	0	44	838	3658
0	0	45	601	2957
0	0	45	302	1184
0	0	45	219	2761
0	0	45	650	8590
0	0	45	836	6706
0	0	45	165	2623
0	0	45	976	759
0	0	46	611	3128
0	0	46	404	7226
0	0	46	439	8559
0	0	46	829	3994
0	0	46	876	6080
0	0	46	167	3126
0	0	47	159	7508
0	0	47	202	3005
0	0	47	401	7749
0	0	48	906	2487
0	0	48	289	589
0	0	48	578	893
0	0	48	811	7337
0	0	48	32	4523
0	0	48	179	6863
0	0	49	353	6549
0	0	49	304	877
0	0	49	967	714
0	0	49	329	9199
0	0	49	165	4438
0	0	49	218	5069
0	0	49	854	6311
0	0	49	90	2282
0	0	49	228	350
0	0	5	539	3742
0	0	5	690	3170
0	0	5	926	6966
0	0	5	851	2299
0	0	5	385	1194
0	0	5	176	2488
0	0	5	421	9573
0	0	5	170	850
0	0	50	384	3919
0	0	50	451	8265
0	0	50	416	3185
0	0	50	77	8789
0	0	50	658	5628
0	0	51	820	5178
0	0	51	933	2618
0	0	52	240	1515
0	0	52	559	5598
0	0	52	561	8361
0	0	52	662	4095
0	0	53	916	955
0	0	53	655	6152
0	0	53	80	5221
0	0	53	726	3926
0	0	53	480	1006
0	0	53	425	755
0	0	54	446	1931
0	0	54	204	2343
0	0	54	729	8153
0	0	54	680	3018
0	0	54	946	5591
0	0	54	698	6058
0	0	54	954	329
0	0	54	795	3668
0	0	55	25	8035
0	0	55	704	3849
0	0	55	928	3171
0	0	55	825	4288
0	0	56	853	3086
0	0	56	924	7956
0	0	56	119	8935
0	0	56	693	496
0	0	56	305	6340
0	0	57	335	1636
0	0	57	167	6031
0	0	57	712	4938
0	0	57	890	8340
0	0	57	336	3786
0	0	57	809	5420
0	0	57	446	2176
0	0	58	864	7118
0	0	58	849	659
0	0	58	577	1704
0	0	59	279	1962
0	0	59	42	8495
0	0	59	676	416
0	0	59	985	3043
0	0	59	891	5513
0	0	59	579	4630
0	0	6	942	4934
0	0	6	247	4655
0	0	6	603	8413
0	0	6	957	6481
0	0	6	105	7424
0	0	6	627	4982
0	0	60	577	4108
0	0	60	595	3755
0	0	60	859	4681
0	0	60	229	6610
0	0	60	37	430
0	0	60	294	6893
0	0	60	387	1292
0	0	60	842	3598
0	0	61	242	6341
0	0	61	469	6795
0	0	61	302	5530
0	0	61	440	4860
0	0	62	270	3088
0	0	62	901	2853
0	0	62	20	2526
0	0	62	29	5676
0	0	62	911	254
0	0	63	772	3361
0	0	63	900	6108
0	0	63	293	9719
0	0	63	165	6156
0	0	63	263	9580
0	0	63	297	6173
0	0	63	123	8584
0	0	64	749	3917
0	0	64	736	9699
0	0	64	254	8001
0	0	64	102	1708
0	0	64	903	7919
0	0	64	570	6658
0	0	64	727	9211
0	0	65	789	6797
0	0	65	185	2052
0	0	65	811	4405
0	0	65	621	8348
0	0	65	446	7935
0	0	66	390	6012
0	0	66	886	8449
0	0	67	707	5388
0	0	67	464	7963
0	0	67	672	5166
0	0	67	767	9203
0	0	67	347	4415
0	0	67	535	2764
0	0	67	315	9405
0	0	67	393	9065
0	0	67	168	9900
0	0	68	233	8452
0	0	68	636	9337
0	0	68	704	2921
0	0	68	402	8416
0	0	68	59	5808
0	0	68	111	6488
0	0	68	344	2646
0	0	69	140	179
0	0	69	745	5576
0	0	69	268	9686
0	0	69	660	4920
0	0	69	521	213
0	0	69	268	398
0	0	69	16	9706
0	0	69	739	2578
0	0	69	447	7333
0	0	69	870	2644
0	0	69	853	1503
0	0	7	985	4295
0	0	7	25	7820
0	0	7	549	4263
0	0	7	386	5584
0	0	7	935	6225
0	0	7	446	820
0	0	7	330	1275
0	0	7	377	190
0	0	70	209	5525
0	0	70	768	190
0	0	70	534	2745
0	0	70	518	7926
0	0	70	223	3197
0	0	71	167	9538
0	0	71	24	6991
0	0	71	613	6137
0	0	72	800	4976
0	0	72	783	6023
0	0	72	747	9977
0	0	72	449	7295
0	0	73	155	4606
0	0	73	51	6736
0	0	74	481	2674
0	0	74	812	3632
0	0	74	576	9621
0	0	75	839	4579
0	0	75	198	6367
0	0	75	375	381
0	0	75	509	4540
0	0	75	307	4078
0	0	75	289	5142
0	0	75	6	3514
0	0	76	823	3148
0	0	76	919	395
0	0	76	259	7209
0	0	76	579	2882
0	0	76	670	2074
0	0	76	316	5312
0	0	76	871	2447
0	0	76	939	1135
0	0	77	945	3942
0	0	77	764	8990
0	0	77	909	5043
0	0	78	62	8719
0	0	78	454	8046
0	0	78	611	2155
0	0	78	775	9461
0	0	79	32	4484
0	0	8	652	7402
0	0	8	967	6357
0	0	8	83	1377
0	0	8	183	1897
0	0	8	226	3131
0	0	8	952	8705
0	0	8	302	3162
0	0	81	3	645
0	0	81	454	381
0	0	81	546	9044
0	0	81	901	799
0	0	81	226	4357
0	0	81	645	5790
0	0	81	402	1934
0	0	82	570	7939
0	0	82	404	5293
0	0	82	806	4325
0	0	82	100	7358
0	0	82	698	8524
0	0	82	928	5560
0	0	83	715	2914
0	0	83	405	4358
0	0	83	697	7425
0	0	83	192	2922
0	0	84	350	3776
0	0	84	950	5577
0	0	84	183	3056
0	0	84	620	2554
0	0	84	397	1024
0	0	85	292	7547
0	0	85	448	5772
0	0	85	586	8181
0	0	85	508	5723
0	0	86	914	5132
0	0	86	612	5573
0	0	86	592	3913
0	0	86	562	735
0	0	86	101	9594
0	0	86	844	2021
0	0	87	188	2050
0	0	87	206	6466
0	0	87	77	3076
0	0	87	116	7626
0	0	87	634	9063
0	0	88	533	1705
0	0	88	208	4248
0	0	88	172	2117
0	0	88	67	6456
0	0	88	509	2573
0	0	89	835	3223
0	0	89	240	9421
0	0	89	809	1221
0	0	89	621	4953
0	0	89	730	3884
0	0	9	661	1023
0	0	9	865	3067
0	0	90	166	5858
0	0	90	693	490
0	0	90	884	9377
0	0	90	44	2059
0	0	90	450	1787
0	0	91	848	4250
0	0	91	602	9476
0	0	91	932	1252
0	0	91	982	2676
0	0	91	966	5656
0	0	91	555	6829
0	0	91	481	6778
0	0	92	305	6181
0	0	92	992	2520
0	0	92	13	8633
0	0	92	417	8307
0	0	93	342	9237
0	0	93	469	4998
0	0	93	166	5655
0	0	93	491	8014
0	0	93	342	5037
0	0	93	893	5771
0	0	94	21	7154
0	0	94	339	9232
0	0	94	719	7020
0	0	94	441	8894
0	0	94	584	8282
0	0	94	784	2103
0	0	95	638	2203
0	0	95	21	7866
0	0	95	694	6424
0	0	95	496	7614
0	0	96	321	5844
0	0	96	822	4048
0	0	96	82	205
0	0	96	200	7878
0	0	96	84	4352
0	0	96	397	2803
0	0	96	928	5339
0	0	96	549	1718
0	0	96	612	8671
0	0	96	734	7001
0	0	96	542	8635
0	0	97	901	9364
0	0	97	134	2650
0	0	97	981	3100
0	0	98	167	1160
0	0	98	601	925
0	0	98	64	8413
0	0	98	44	4658
0	0	98	310	2248
0	0	98	905	2739
0	0	98	112	8531
0	0	98	119	319
0	0	98	880	3331
0	3	0	139	2716
0	3	0	358	7050
0	3	0	715	8453
0	3	0	510	9066
0	3	0	256	3062
0	3	0	297	9988
0	3	1	429	9612
0	3	1	97	8680
0	3	1	733	7307
0	3	10	631	6137
0	3	10	823	582
0	3	11	626	6442
0	3	11	872	2257
0	3	11	306	5787
0	3	11	880	599
0	3	11	103	7348
0	3	11	785	6474
0	3	11	973	6628
0	3	11	948	6863
0	3	12	595	2043
0	3	12	908	6419
0	3	12	718	8
0	3	12	328	7092
0	3	13	462	4908
0	3	13	507	1622
0	3	13	138	629
0	3	13	89	3001
0	3	13	279	1831
0	3	13	218	7912
0	3	13	826	703
0	3	14	697	8261
0	3	14	97	2822
0	3	14	234	6499
0	3	14	615	7752
0	3	15	71	2848
0	3	15	399	5366
0	3	15	359	6846
0	3	15	745	1267
0	3	15	594	8137
0	3	16	295	319
0	3	16	685	6019
0	3	16	232	8691
0	3	16	80	286
0	3	17	53	6732
0	3	17	206	1026
0	3	17	348	5044
0	3	17	916	6058
0	3	17	576	8452
0	3	17	817	8539
0	3	18	600	835
0	3	18	478	8342
0	3	18	294	4676
0	3	18	949	8185
0	3	18	415	8615
0	3	19	573	2662
0	3	19	705	783
0	3	19	298	4188
0	3	2	229	8709
0	3	2	284	655
0	3	2	42	7438
0	3	2	590	8758
0	3	2	17	5681
0	3	2	144	8807
0	3	20	618	9241
0	3	20	83	205
0	3	21	910	6329
0	3	21	432	8498
0	3	21	765	6655
0	3	21	879	6627
0	3	21	837	933
0	3	21	705	6123
0	3	21	892	7290
0	3	21	584	4154
0	3	21	288	5346
0	3	21	409	408
0	3	22	306	7561
0	3	22	747	6530
0	3	22	169	2523
0	3	22	822	9463
0	3	22	568	2885
0	3	22	89	1782
0	3	22	80	43
0	3	22	432	4922
0	3	23	360	2969
0	3	23	563	5419
0	3	23	860	5765
0	3	23	785	8817
0	3	23	17	1010
0	3	23	519	3220
0	3	23	799	3719
0	3	24	296	9761
0	3	24	979	5285
0	3	24	676	3388
0	3	24	197	3030
0	3	24	828	714
0	3	25	330	4689
0	3	25	242	8803
0	3	25	649	3585
0	3	26	264	3584
0	3	26	742	1308
0	3	26	671	5943
0	3	26	814	225
0	3	26	822	9683
0	3	26	551	8903
0	3	26	880	561
0	3	26	917	1413
0	3	26	9	3095
0	3	26	639	9325
0	3	26	134	6691
0	3	27	162	7861
0	3	27	604	7598
0	3	27	594	6381
0	3	28	790	7721
0	3	28	623	2335
0	3	28	185	9542
0	3	29	586	7788
0	3	29	128	83
0	3	29	174	6894
0	3	29	666	8209
0	3	3	97	4618
0	3	3	385	3181
0	3	3	461	1349
0	3	3	127	3689
0	3	3	167	6482
0	3	30	109	147
0	3	30	961	7422
0	3	30	715	7191
0	3	30	527	7575
0	3	30	353	2201
0	3	30	839	6254
0	3	31	174	8333
0	3	31	160	4381
0	3	31	393	4977
0	3	31	363	596
0	3	31	257	4292
0	3	32	497	9275
0	3	32	101	9983
0	3	32	253	5928
0	3	32	488	529
0	3	32	376	232
0	3	32	191	8256
0	3	32	254	8890
0	3	32	623	7200
0	3	33	458	6692
0	3	33	47	492
0	3	33	284	2465
0	3	33	124	9078
0	3	33	735	7007
0	3	33	596	4131
0	3	33	805	2947
0	3	33	313	4435
0	3	34	596	5482
0	3	34	300	312
0	3	34	792	938
0	3	34	217	2695
0	3	34	362	9450
0	3	34	590	711
0	3	35	468	6280
0	3	35	783	1975
0	3	35	278	1040
0	3	35	477	9962
0	3	35	883	9742
0	3	36	696	2650
0	3	36	244	5298
0	3	36	508	9552
0	3	36	397	539
0	3	37	484	8356
0	3	37	929	8521
0	3	37	21	9255
0	3	37	876	9766
0	3	37	320	6558
0	3	38	316	4666
0	3	38	192	5884
0	3	38	614	8093
0	3	38	492	694
0	3	38	511	2816
0	3	38	775	3173
0	3	38	185	2537
0	3	38	702	1083
0	3	38	750	9100
0	3	38	284	3495
0	3	38	72	4134
0	3	39	853	3095
0	3	39	101	2791
0	3	39	894	2965
0	3	4	139	9518
0	3	4	161	4147
0	3	4	548	8093
0	3	4	928	9959
0	3	4	516	3932
0	3	4	688	515
0	3	40	642	2062
0	3	40	43	8964
0	3	40	992	20
0	3	40	485	877
0	3	41	35	2859
0	3	41	468	4299
0	3	41	806	8016
0	3	41	913	674
0	3	42	717	8320
0	3	42	734	4490
0	3	43	230	1150
0	3	43	526	7314
0	3	43	326	6541
0	3	44	791	4611
0	3	44	963	7186
0	3	44	140	9117
0	3	44	194	253
0	3	44	912	5250
0	3	44	413	4775
0	3	45	366	9928
0	3	45	403	5709
0	3	45	955	7544
0	3	45	202	791
0	3	45	938	9116
0	3	45	0	7331
0	3	45	208	8392
0	3	45	422	211
0	3	46	243	1676
0	3	46	488	9083
0	3	46	73	5162
0	3	46	26	927
0	3	46	847	8871
0	3	46	293	7209
0	3	47	448	5519
0	3	47	418	100
0	3	47	495	3468
0	3	47	46	6637
0	3	48	43	4269
0	3	48	189	5365
0	3	48	718	6014
0	3	49	841	4275
0	3	49	812	3833
0	3	49	865	6277
0	3	49	359	3014
0	3	49	650	3502
0	3	49	962	374
0	3	49	331	1031
0	3	5	694	5931
0	3	5	921	908
0	3	5	258	4384
0	3	5	793	6586
0	3	5	596	5042
0	3	5	551	779
0	3	50	393	2692
0	3	50	648	1277
0	3	50	485	9680
0	3	50	610	250
0	3	50	108	2193
0	3	50	955	8260
0	3	51	294	536
0	3	51	631	6852
0	3	51	49	7908
0	3	51	917	3028
0	3	51	240	1238
0	3	51	668	6132
0	3	52	978	301
0	3	52	958	6758
0	3	52	376	8774
0	3	52	991	1498
0	3	52	90	7254
0	3	52	981	8526
0	3	52	758	2393
0	3	52	598	1542
0	3	52	827	5539
0	3	53	284	5941
0	3	53	535	1257
0	3	53	337	8496
0	3	53	560	9316
0	3	53	325	2541
0	3	53	397	6911
0	3	53	949	3791
0	3	53	706	8044
0	3	53	931	7996
0	3	54	271	8103
0	3	54	689	8467
0	3	54	350	9410
0	3	54	505	5353
0	3	54	924	8936
0	3	54	93	8782
0	3	55	586	2939
0	3	55	302	793
0	3	55	426	6988
0	3	55	724	5807
0	3	55	943	8338
0	3	56	549	9427
0	3	56	14	5173
0	3	56	885	3652
0	3	56	845	4298
0	3	56	432	9487
0	3	56	31	4686
0	3	56	516	1343
0	3	56	544	4310
0	3	57	32	4123
0	3	57	993	8547
0	3	57	628	5586
0	3	57	731	3338
0	3	57	597	2112
0	3	57	560	7565
0	3	58	439	4156
0	3	58	223	7890
0	3	58	547	6234
0	3	58	462	101
0	3	58	575	5848
0	3	58	137	146
0	3	58	534	2812
0	3	58	554	7070
0	3	59	687	380
0	3	59	894	7383
0	3	59	818	9268
0	3	59	356	9892
0	3	59	971	4126
0	3	59	280	5133
0	3	6	64	7043
0	3	6	621	9767
0	3	6	507	6578
0	3	6	516	9169
0	3	6	560	3872
0	3	6	808	3947
0	3	60	442	3332
0	3	60	760	8059
0	3	60	885	9179
0	3	60	348	7203
0	3	60	490	3806
0	3	60	899	4292
0	3	60	28	1229
0	3	60	275	4779
0	3	60	364	3361
0	3	61	202	4749
0	3	61	565	5072
0	3	61	832	8922
0	3	62	169	5067
0	3	62	763	9058
0	3	62	615	1819
0	3	62	270	8074
0	3	62	175	5352
0	3	62	280	9804
0	3	63	137	2878
0	3	63	765	2383
0	3	63	498	6152
0	3	63	788	1360
0	3	64	708	6656
0	3	64	887	5825
0	3	64	234	2971
0	3	64	27	9525
0	3	65	947	2872
0	3	65	319	2525
0	3	65	138	7811
0	3	65	727	4322
0	3	65	241	7480
0	3	65	4	8781
0	3	65	593	400
0	3	66	656	7319
0	3	66	469	1214
0	3	66	811	3743
0	3	66	588	5804
0	3	66	633	1336
0	3	66	571	6868
0	3	66	706	4373
0	3	66	91	5463
0	3	67	167	3744
0	3	67	211	8680
0	3	67	826	108
0	3	67	758	1711
0	3	67	175	1196
0	3	67	921	4708
0	3	68	45	1437
0	3	68	332	5142
0	3	68	17	5199
0	3	69	64	9226
0	3	69	844	8729
0	3	69	508	691
0	3	69	824	4434
0	3	69	152	5739
0	3	69	887	2102
0	3	7	595	9930
0	3	7	961	447
0	3	7	822	2280
0	3	7	427	6822
0	3	7	946	5227
0	3	7	728	6647
0	3	70	21	6800
0	3	70	638	8560
0	3	70	996	2553
0	3	70	478	5915
0	3	70	582	2741
0	3	70	492	8325
0	3	70	671	329
0	3	71	96	2206
0	3	71	605	7641
0	3	71	951	4004
0	3	72	489	1588
0	3	72	608	3094
0	3	72	849	731
0	3	72	284	4148
0	3	72	400	27
0	3	72	800	8761
0	3	73	188	6468
0	3	73	817	4888
0	3	74	758	9641
0	3	74	107	1362
0	3	74	551	3687
0	3	74	871	6593
0	3	75	409	6648
0	3	75	202	4510
0	3	75	442	5391
0	3	75	234	5400
0	3	75	640	8641
0	3	76	246	9572
0	3	76	38	4174
0	3	76	737	9758
0	3	76	945	1518
0	3	76	885	3252
0	3	77	246	3139
0	3	77	420	4567
0	3	77	685	8882
0	3	77	567	9086
0	3	77	663	3101
0	3	77	496	1943
0	3	78	221	1323
0	3	78	938	7755
0	3	78	517	5729
0	3	78	152	3719
0	3	78	293	7271
0	3	79	480	3953
0	3	79	74	2429
0	3	79	38	1411
0	3	79	624	3984
0	3	79	765	8631
0	3	79	925	3125
0	3	79	427	6549
0	3	79	475	1436
0	3	8	172	659
0	3	8	305	1355
0	3	8	120	1356
0	3	8	827	8890
0	3	8	4	5809
0	3	80	224	5307
0	3	80	908	7908
0	3	81	690	5800
0	3	81	141	8400
0	3	81	672	4536
0	3	82	771	7778
0	3	82	549	4942
0	3	82	246	8263
0	3	83	528	1195
0	3	83	319	9250
0	3	83	939	900
0	3	83	115	6886
0	3	83	690	6173
0	3	83	453	3173
0	3	83	129	8266
0	3	83	324	6113
0	3	83	846	9679
0	3	83	88	5155
0	3	83	181	8133
0	3	83	756	7655
0	3	84	319	7927
0	3	84	25	7663
0	3	84	422	7489
0	3	84	198	496
0	3	84	619	6672
0	3	84	466	3910
0	3	84	279	1753
0	3	85	133	6974
0	3	85	662	6818
0	3	85	256	9315
0	3	85	389	4498
0	3	85	815	1475
0	3	86	308	4308
0	3	86	29	9238
0	3	86	351	6368
0	3	86	699	3101
0	3	86	10	5628
0	3	86	283	1636
0	3	86	853	1042
0	3	86	820	9492
0	3	87	526	8224
0	3	87	402	1489
0	3	87	535	7013
0	3	87	764	5267
0	3	87	85	2296
0	3	87	286	1456
0	3	87	289	8646
0	3	87	11	3251
0	3	87	349	6721
0	3	88	980	9391
0	3	88	403	7913
0	3	88	767	2381
0	3	88	459	2647
0	3	88	948	3155
0	3	89	233	505
0	3	89	613	5050
0	3	89	701	5951
0	3	89	390	2956
0	3	89	843	3474
0	3	9	508	6944
0	3	9	938	9685
0	3	9	368	1906
0	3	90	164	2219
0	3	90	659	7434
0	3	90	513	6777
0	3	90	928	6678
0	3	90	91	686
0	3	90	861	5286
0	3	90	408	9065
0	3	90	969	2878
0	3	90	367	1102
0	3	90	300	9554
0	3	90	454	9265
0	3	90	989	4592
0	3	91	603	7089
0	3	91	898	124
0	3	91	959	2594
0	3	91	864	3926
0	3	91	972	553
0	3	92	889	2936
0	3	92	16	5762
0	3	92	648	1942
0	3	92	816	3986
0	3	93	896	528
0	3	93	248	2579
0	3	93	763	5100
0	3	93	367	3672
0	3	93	406	7480
0	3	94	410	9640
0	3	94	443	6089
0	3	94	976	5613
0	3	94	135	4347
0	3	94	328	1736
0	3	94	543	4510
0	3	95	132	2640
0	3	95	729	9713
0	3	95	772	9742
0	3	96	785	8116
0	3	96	788	4006
0	3	96	822	4816
0	3	96	556	5303
0	3	96	331	9974
0	3	96	438	717
0	3	96	248	9388
0	3	96	50	4749
0	3	97	698	7605
0	3	97	892	8296
0	3	97	755	5868
0	3	98	802	4046
0	3	98	788	1449
0	3	98	178	9528
0	3	98	914	3766
0	3	98	645	8372
0	3	98	688	1291
0	3	98	994	6966
0	3	98	419	9628
0	6	0	910	9345
0	6	0	442	4323
0	6	0	453	1708
0	6	0	759	9806
0	6	1	331	4175
0	6	1	215	36
0	6	1	737	5706
0	6	1	973	7891
0	6	10	672	3585
0	6	10	196	2048
0	6	10	427	2725
0	6	11	258	3757
0	6	11	658	1539
0	6	11	874	8900
0	6	11	334	3563
0	6	11	651	5150
0	6	11	234	940
0	6	11	51	6627
0	6	12	393	4778
0	6	12	773	4266
0	6	12	602	7814
0	6	13	229	2757
0	6	13	89	497
0	6	13	192	620
0	6	13	758	2572
0	6	13	608	6896
0	6	14	220	9616
0	6	14	567	1752
0	6	14	62	6116
0	6	14	749	6401
0	6	14	67	7993
0	6	14	427	8517
0	6	15	969	1175
0	6	15	675	8438
0	6	15	839	764
0	6	16	588	7849
0	6	16	696	5063
0	6	16	179	6259
0	6	16	89	6009
0	6	16	644	3627
0	6	16	106	4841
0	6	16	923	8103
0	6	16	631	4094
0	6	17	721	6850
0	6	17	451	120
0	6	17	564	8695
0	6	17	695	9380
0	6	17	907	8539
0	6	17	989	5555
0	6	18	464	179
0	6	18	953	8743
0	6	18	115	1533
0	6	18	751	9138
0	6	18	880	3691
0	6	18	582	1028
0	6	18	344	6316
0	6	18	815	6207
0	6	18	888	5887
0	6	19	881	7265
0	6	19	56	6052
0	6	19	146	3719
0	6	2	562	1893
0	6	2	372	8472
0	6	2	770	648
0	6	2	95	1484
0	6	2	884	8121
0	6	2	472	292
0	6	2	768	8818
0	6	2	971	5618
0	6	20	144	7814
0	6	20	51	8557
0	6	20	401	1191
0	6	20	512	2348
0	6	20	720	4834
0	6	20	543	7664
0	6	21	282	5248
0	6	21	825	120
0	6	21	942	1495
0	6	21	281	9297
0	6	22	664	2395
0	6	22	86	8864
0	6	22	436	2621
0	6	22	215	8718
0	6	23	619	5055
0	6	23	721	3982
0	6	24	397	5865
0	6	24	267	5529
0	6	24	993	5730
0	6	24	433	6341
0	6	24	169	1520
0	6	24	906	8217
0	6	25	858	168
0	6	25	509	2048
0	6	25	5	1957
0	6	25	474	483
0	6	25	955	7852
0	6	26	873	3114
0	6	26	230	8102
0	6	26	605	9251
0	6	27	23	5347
0	6	27	157	9905
0	6	27	858	3255
0	6	27	751	5098
0	6	27	743	7435
0	6	28	25	2285
0	6	28	219	9134
0	6	28	59	2743
0	6	28	239	9194
0	6	28	443	6927
0	6	28	448	2298
0	6	28	657	4154
0	6	29	71	8108
0	6	29	748	4624
0	6	29	16	7254
0	6	3	97	1757
0	6	3	281	1868
0	6	3	50	8958
0	6	30	315	1002
0	6	30	406	2402
0	6	30	46	6634
0	6	30	830	4499
0	6	30	58	746
0	6	30	170	6614
0	6	30	161	8243
0	6	31	161	889
0	6	31	475	6489
0	6	31	382	107
0	6	31	198	8081
0	6	32	266	2894
0	6	32	261	39
0	6	32	321	5331
0	6	32	892	8201
0	6	32	174	2092
0	6	32	299	7386
0	6	32	428	6666
0	6	33	741	6864
0	6	33	32	3353
0	6	33	988	3231
0	6	33	379	228
0	6	33	344	6810
0	6	33	385	9309
0	6	33	815	5040
0	6	34	8	5131
0	6	34	148	9688
0	6	34	673	6606
0	6	34	836	4093
0	6	34	829	8726
0	6	34	709	6947
0	6	34	680	2121
0	6	35	542	842
0	6	35	252	8352
0	6	35	789	3649
0	6	35	694	2678
0	6	36	156	2306
0	6	36	894	1861
0	6	36	258	3339
0	6	36	858	4589
0	6	36	166	9994
0	6	36	870	1113
0	6	36	66	1442
0	6	37	54	8088
0	6	37	730	1868
0	6	37	123	3
0	6	38	467	5483
0	6	38	106	64
0	6	38	839	6826
0	6	38	892	6742
0	6	39	125	3137
0	6	4	356	5150
0	6	4	430	1136
0	6	4	111	1716
0	6	4	612	1602
0	6	4	331	2010
0	6	4	94	2039
0	6	4	582	509
0	6	4	828	1264
0	6	4	946	9111
0	6	4	957	3078
0	6	40	10	6165
0	6	40	914	6341
0	6	40	960	3451
0	6	40	379	8946
0	6	40	135	258
0	6	40	958	4295
0	6	40	96	6391
0	6	41	681	7544
0	6	41	44	4800
0	6	41	280	3843
0	6	41	564	243
0	6	41	656	8981
0	6	41	926	9516
0	6	41	432	9214
0	6	42	878	4724
0	6	42	326	7237
0	6	42	699	101
0	6	42	850	2752
0	6	42	637	5099
0	6	42	704	9055
0	6	42	932	1629
0	6	42	972	1573
0	6	43	718	2254
0	6	43	312	4575
0	6	43	982	7157
0	6	44	571	9070
0	6	44	230	3673
0	6	44	584	4956
0	6	44	951	3595
0	6	45	489	960
0	6	45	996	4088
0	6	45	556	4577
0	6	45	369	6007
0	6	45	293	6521
0	6	45	979	7148
0	6	45	181	879
0	6	46	970	6779
0	6	46	170	8320
0	6	46	443	7380
0	6	46	964	7568
0	6	46	366	1398
0	6	47	98	107
0	6	47	440	1308
0	6	47	600	623
0	6	47	812	2848
0	6	47	710	1975
0	6	48	454	3635
0	6	48	352	4325
0	6	48	710	346
0	6	49	801	995
0	6	49	885	7712
0	6	49	355	2819
0	6	49	659	2926
0	6	5	409	6575
0	6	5	272	2246
0	6	5	743	2677
0	6	5	227	1623
0	6	5	832	3553
0	6	5	72	8060
0	6	5	83	2119
0	6	50	400	5077
0	6	50	424	204
0	6	50	526	6301
0	6	50	437	4252
0	6	50	584	4242
0	6	50	226	804
0	6	50	567	8283
0	6	50	357	896
0	6	51	396	5832
0	6	51	193	9871
0	6	51	715	6683
0	6	51	596	7643
0	6	51	84	8290
0	6	52	736	933
0	6	52	245	751
0	6	52	59	3817
0	6	53	722	4386
0	6	53	361	2496
0	6	53	346	9927
0	6	53	908	6296
0	6	53	868	4980
0	6	53	771	9717
0	6	53	200	1623
0	6	54	179	9214
0	6	54	333	9190
0	6	54	897	84
0	6	54	531	2953
0	6	54	733	9096
0	6	54	385	4752
0	6	54	51	81
0	6	54	609	7132
0	6	54	422	8289
0	6	55	87	4141
0	6	55	837	1820
0	6	55	134	242
0	6	55	616	9246
0	6	55	449	9312
0	6	55	840	6783
0	6	56	375	4030
0	6	56	840	9599
0	6	56	344	1080
0	6	56	948	1912
0	6	56	187	6003
0	6	56	39	6242
0	6	56	610	3944
0	6	56	687	6382
0	6	56	836	4743
0	6	57	123	3874
0	6	57	577	4805
0	6	57	142	8238
0	6	57	258	1224
0	6	57	745	8084
0	6	57	605	6687
0	6	58	339	4
0	6	58	688	3653
0	6	58	615	463
0	6	58	321	9236
0	6	58	15	8676
0	6	59	926	8105
0	6	59	44	8549
0	6	59	937	9005
0	6	59	831	5155
0	6	59	985	3554
0	6	59	737	9208
0	6	6	163	4634
0	6	6	190	347
0	6	60	637	8117
0	6	60	605	3518
0	6	60	661	3160
0	6	60	739	9689
0	6	61	398	8309
0	6	61	126	6680
0	6	62	449	1917
0	6	62	774	2362
0	6	62	577	8600
0	6	62	890	934
0	6	62	898	5095
0	6	63	716	5156
0	6	63	887	2600
0	6	63	196	6234
0	6	63	922	6424
0	6	63	456	8524
0	6	64	490	7441
0	6	64	703	8659
0	6	64	273	557
0	6	64	225	6961
0	6	64	288	3868
0	6	64	472	3825
0	6	64	389	594
0	6	64	741	7279
0	6	64	880	7460
0	6	64	371	9966
0	6	64	198	5047
0	6	64	583	6587
0	6	64	274	4303
0	6	65	892	2487
0	6	65	640	4218
0	6	65	729	1378
0	6	65	374	2931
0	6	65	660	4400
0	6	66	89	3450
0	6	66	705	9233
0	6	66	355	885
0	6	67	415	1174
0	6	67	102	3067
0	6	67	506	2029
0	6	67	536	3127
0	6	67	256	8067
0	6	68	755	6168
0	6	68	532	7156
0	6	68	667	8464
0	6	68	502	7099
0	6	68	493	9652
0	6	68	887	5872
0	6	68	685	9036
0	6	69	637	3764
0	6	69	102	1276
0	6	69	747	9310
0	6	69	543	2603
0	6	69	401	8025
0	6	69	313	1617
0	6	69	611	9966
0	6	7	735	4783
0	6	7	775	9385
0	6	7	296	2320
0	6	7	132	6629
0	6	7	436	1489
0	6	7	840	7543
0	6	7	73	2990
0	6	7	412	9834
0	6	70	655	3365
0	6	70	957	9745
0	6	70	139	2819
0	6	70	199	6921
0	6	70	536	5552
0	6	71	345	3738
0	6	71	318	2739
0	6	71	282	1410
0	6	72	981	9006
0	6	72	589	3599
0	6	72	206	3067
0	6	73	367	20
0	6	74	69	2531
0	6	75	460	5405
0	6	75	620	5373
0	6	75	802	5031
0	6	75	967	1591
0	6	75	40	822
0	6	75	401	9813
0	6	75	476	2078
0	6	76	563	8400
0	6	76	4	2137
0	6	76	204	3203
0	6	76	172	7375
0	6	76	663	7348
0	6	76	383	7194
0	6	76	593	8302
0	6	76	724	2910
0	6	77	444	6639
0	6	77	679	7715
0	6	77	694	9170
0	6	77	58	5219
0	6	78	763	3399
0	6	78	308	5503
0	6	78	393	9792
0	6	78	195	8513
0	6	78	109	7752
0	6	78	344	8334
0	6	78	573	491
0	6	79	286	2927
0	6	79	836	7429
0	6	79	879	5505
0	6	79	389	8931
0	6	8	552	2069
0	6	8	40	9274
0	6	8	661	6514
0	6	8	994	1339
0	6	80	337	3672
0	6	80	402	985
0	6	80	787	7037
0	6	80	60	9412
0	6	80	452	9937
0	6	80	554	8157
0	6	80	715	9586
0	6	81	280	6605
0	6	81	920	9048
0	6	81	172	357
0	6	81	367	8445
0	6	81	327	7468
0	6	81	348	9353
0	6	81	570	7003
0	6	81	763	1970
0	6	81	883	1637
0	6	82	982	2501
0	6	82	384	4836
0	6	82	61	5407
0	6	82	99	3661
0	6	82	405	3302
0	6	83	610	7219
0	6	83	686	5233
0	6	83	657	6790
0	6	83	688	9088
0	6	83	902	3313
0	6	83	283	1918
0	6	83	785	3705
0	6	83	400	8558
0	6	83	158	8593
0	6	84	959	1
0	6	84	483	6773
0	6	84	974	2095
0	6	84	328	1852
0	6	84	572	4011
0	6	85	883	4026
0	6	85	821	3453
0	6	85	176	3903
0	6	85	990	6258
0	6	85	772	6790
0	6	85	232	6149
0	6	86	730	3555
0	6	86	521	3631
0	6	86	341	5331
0	6	87	100	9356
0	6	87	579	9805
0	6	87	271	2362
0	6	87	386	69
0	6	88	819	537
0	6	88	695	3384
0	6	89	766	25
0	6	89	988	7911
0	6	9	533	2970
0	6	9	685	7541
0	6	9	258	5958
0	6	90	754	3826
0	6	90	868	2108
0	6	90	648	959
0	6	91	676	6253
0	6	91	169	2257
0	6	92	879	1015
0	6	92	763	9988
0	6	92	122	2640
0	6	92	78	7111
0	6	92	434	5774
0	6	92	417	3817
0	6	92	158	5432
0	6	93	947	1429
0	6	93	216	6999
0	6	93	998	5503
0	6	93	254	7408
0	6	93	451	5365
0	6	93	707	3052
0	6	93	495	2498
0	6	93	596	6165
0	6	93	180	8375
0	6	94	916	7197
0	6	94	970	4362
0	6	94	895	3997
0	6	94	857	1687
0	6	95	630	708
0	6	95	969	3378
0	6	95	567	6148
0	6	95	328	7036
0	6	95	865	414
0	6	96	221	7927
0	6	96	531	8755
0	6	96	956	2538
0	6	97	297	7261
0	6	97	982	8482
0	6	97	212	4494
0	6	97	293	4701
0	6	97	724	9951
0	6	98	687	7899
0	6	98	477	9941
0	6	98	747	3562
