0	3	0	139	2716
0	3	0	297	9988
0	3	0	715	8453
0	3	0	358	7050
0	3	0	510	9066
0	3	0	256	3062
0	3	1	97	8680
0	3	1	429	9612
0	3	1	733	7307
0	3	10	631	6137
0	3	10	823	582
0	3	11	306	5787
0	3	11	872	2257
0	3	11	626	6442
0	3	11	973	6628
0	3	11	103	7348
0	3	11	785	6474
0	3	11	880	599
0	3	11	948	6863
0	3	12	908	6419
0	3	12	595	2043
0	3	12	718	8
0	3	12	328	7092
0	3	13	462	4908
0	3	13	507	1622
0	3	13	138	629
0	3	13	89	3001
0	3	13	218	7912
0	3	13	279	1831
0	3	13	826	703
0	3	14	97	2822
0	3	14	697	8261
0	3	14	615	7752
0	3	14	234	6499
0	3	15	399	5366
0	3	15	71	2848
0	3	15	359	6846
0	3	15	594	8137
0	3	15	745	1267
0	3	16	295	319
0	3	16	685	6019
0	3	16	80	286
0	3	16	232	8691
0	3	17	348	5044
0	3	17	206	1026
0	3	17	53	6732
0	3	17	916	6058
0	3	17	576	8452
0	3	17	817	8539
0	3	18	294	4676
0	3	18	478	8342
0	3	18	600	835
0	3	18	415	8615
0	3	18	949	8185
0	3	19	573	2662
0	3	19	705	783
0	3	19	298	4188
0	3	2	284	655
0	3	2	42	7438
0	3	2	229	8709
0	3	2	17	5681
0	3	2	590	8758
0	3	2	144	8807
0	3	20	618	9241
0	3	20	83	205
0	3	21	705	6123
0	3	21	765	6655
0	3	21	837	933
0	3	21	910	6329
0	3	21	879	6627
0	3	21	432	8498
0	3	21	892	7290
0	3	21	409	408
0	3	21	584	4154
0	3	21	288	5346
0	3	22	822	9463
0	3	22	169	2523
0	3	22	747	6530
0	3	22	306	7561
0	3	22	568	2885
0	3	22	432	4922
0	3	22	89	1782
0	3	22	80	43
0	3	23	360	2969
0	3	23	563	5419
0	3	23	785	8817
0	3	23	17	1010
0	3	23	860	5765
0	3	23	799	3719
0	3	23	519	3220
0	3	24	296	9761
0	3	24	979	5285
0	3	24	676	3388
0	3	24	197	3030
0	3	24	828	714
0	3	25	242	8803
0	3	25	330	4689
0	3	25	649	3585
0	3	26	814	225
0	3	26	742	1308
0	3	26	264	3584
0	3	26	671	5943
0	3	26	822	9683
0	3	26	9	3095
0	3	26	880	561
0	3	26	134	6691
0	3	26	551	8903
0	3	26	917	1413
0	3	26	639	9325
0	3	27	604	7598
0	3	27	162	7861
0	3	27	594	6381
0	3	28	790	7721
0	3	28	623	2335
0	3	28	185	9542
0	3	29	586	7788
0	3	29	128	83
0	3	29	666	8209
0	3	29	174	6894
0	3	3	97	4618
0	3	3	461	1349
0	3	3	385	3181
0	3	3	127	3689
0	3	3	167	6482
0	3	30	961	7422
0	3	30	715	7191
0	3	30	109	147
0	3	30	527	7575
0	3	30	839	6254
0	3	30	353	2201
0	3	31	174	8333
0	3	31	393	4977
0	3	31	257	4292
0	3	31	363	596
0	3	31	160	4381
0	3	32	497	9275
0	3	32	488	529
0	3	32	376	232
0	3	32	253	5928
0	3	32	191	8256
0	3	32	101	9983
0	3	32	254	8890
0	3	32	623	7200
0	3	33	458	6692
0	3	33	47	492
0	3	33	735	7007
0	3	33	313	4435
0	3	33	805	2947
0	3	33	284	2465
0	3	33	596	4131
0	3	33	124	9078
0	3	34	596	5482
0	3	34	217	2695
0	3	34	792	938
0	3	34	300	312
0	3	34	362	9450
0	3	34	590	711
0	3	35	468	6280
0	3	35	783	1975
0	3	35	477	9962
0	3	35	883	9742
0	3	35	278	1040
0	3	36	696	2650
0	3	36	508	9552
0	3	36	244	5298
0	3	36	397	539
0	3	37	929	8521
0	3	37	21	9255
0	3	37	484	8356
0	3	37	876	9766
0	3	37	320	6558
0	3	38	316	4666
0	3	38	511	2816
0	3	38	192	5884
0	3	38	492	694
0	3	38	775	3173
0	3	38	614	8093
0	3	38	185	2537
0	3	38	750	9100
0	3	38	72	4134
0	3	38	702	1083
0	3	38	284	3495
0	3	39	853	3095
0	3	39	101	2791
0	3	39	894	2965
0	3	4	161	4147
0	3	4	139	9518
0	3	4	548	8093
0	3	4	516	3932
0	3	4	928	9959
0	3	4	688	515
0	3	40	642	2062
0	3	40	992	20
0	3	40	43	8964
0	3	40	485	877
0	3	41	468	4299
0	3	41	35	2859
0	3	41	806	8016
0	3	41	913	674
0	3	42	717	8320
0	3	42	734	4490
0	3	43	230	1150
0	3	43	326	6541
0	3	43	526	7314
0	3	44	791	4611
0	3	44	963	7186
0	3	44	140	9117
0	3	44	912	5250
0	3	44	194	253
0	3	44	413	4775
0	3	45	202	791
0	3	45	938	9116
0	3	45	403	5709
0	3	45	366	9928
0	3	45	955	7544
0	3	45	208	8392
0	3	45	422	211
0	3	45	0	7331
0	3	46	243	1676
0	3	46	488	9083
0	3	46	26	927
0	3	46	73	5162
0	3	46	847	8871
0	3	46	293	7209
0	3	47	448	5519
0	3	47	418	100
0	3	47	46	6637
0	3	47	495	3468
0	3	48	189	5365
0	3	48	43	4269
0	3	48	718	6014
0	3	49	812	3833
0	3	49	865	6277
0	3	49	841	4275
0	3	49	962	374
0	3	49	331	1031
0	3	49	650	3502
0	3	49	359	3014
0	3	5	921	908
0	3	5	694	5931
0	3	5	596	5042
0	3	5	551	779
0	3	5	258	4384
0	3	5	793	6586
0	3	50	648	1277
0	3	50	485	9680
0	3	50	393	2692
0	3	50	955	8260
0	3	50	108	2193
0	3	50	610	250
0	3	51	49	7908
0	3	51	294	536
0	3	51	917	3028
0	3	51	631	6852
0	3	51	668	6132
0	3	51	240	1238
0	3	52	376	8774
0	3	52	991	1498
0	3	52	958	6758
0	3	52	978	301
0	3	52	981	8526
0	3	52	758	2393
0	3	52	827	5539
0	3	52	598	1542
0	3	52	90	7254
0	3	53	560	9316
0	3	53	284	5941
0	3	53	325	2541
0	3	53	535	1257
0	3	53	337	8496
0	3	53	397	6911
0	3	53	931	7996
0	3	53	949	3791
0	3	53	706	8044
0	3	54	271	8103
0	3	54	505	5353
0	3	54	924	8936
0	3	54	689	8467
0	3	54	93	8782
0	3	54	350	9410
0	3	55	426	6988
0	3	55	586	2939
0	3	55	302	793
0	3	55	943	8338
0	3	55	724	5807
0	3	56	549	9427
0	3	56	885	3652
0	3	56	14	5173
0	3	56	544	4310
0	3	56	432	9487
0	3	56	31	4686
0	3	56	516	1343
0	3	56	845	4298
0	3	57	731	3338
0	3	57	628	5586
0	3	57	32	4123
0	3	57	993	8547
0	3	57	597	2112
0	3	57	560	7565
0	3	58	547	6234
0	3	58	223	7890
0	3	58	575	5848
0	3	58	439	4156
0	3	58	462	101
0	3	58	137	146
0	3	58	554	7070
0	3	58	534	2812
0	3	59	818	9268
0	3	59	687	380
0	3	59	894	7383
0	3	59	356	9892
0	3	59	280	5133
0	3	59	971	4126
0	3	6	64	7043
0	3	6	621	9767
0	3	6	507	6578
0	3	6	808	3947
0	3	6	560	3872
0	3	6	516	9169
0	3	60	348	7203
0	3	60	885	9179
0	3	60	490	3806
0	3	60	760	8059
0	3	60	442	3332
0	3	60	275	4779
0	3	60	899	4292
0	3	60	364	3361
0	3	60	28	1229
0	3	61	202	4749
0	3	61	565	5072
0	3	61	832	8922
0	3	62	615	1819
0	3	62	175	5352
0	3	62	763	9058
0	3	62	169	5067
0	3	62	270	8074
0	3	62	280	9804
0	3	63	765	2383
0	3	63	137	2878
0	3	63	498	6152
0	3	63	788	1360
0	3	64	708	6656
0	3	64	887	5825
0	3	64	234	2971
0	3	64	27	9525
0	3	65	4	8781
0	3	65	138	7811
0	3	65	241	7480
0	3	65	593	400
0	3	65	319	2525
0	3	65	727	4322
0	3	65	947	2872
0	3	66	811	3743
0	3	66	656	7319
0	3	66	469	1214
0	3	66	588	5804
0	3	66	633	1336
0	3	66	91	5463
0	3	66	571	6868
0	3	66	706	4373
0	3	67	167	3744
0	3	67	758	1711
0	3	67	211	8680
0	3	67	826	108
0	3	67	921	4708
0	3	67	175	1196
0	3	68	332	5142
0	3	68	45	1437
0	3	68	17	5199
0	3	69	64	9226
0	3	69	844	8729
0	3	69	887	2102
0	3	69	508	691
0	3	69	152	5739
0	3	69	824	4434
0	3	7	961	447
0	3	7	595	9930
0	3	7	946	5227
0	3	7	728	6647
0	3	7	822	2280
0	3	7	427	6822
0	3	70	996	2553
0	3	70	638	8560
0	3	70	478	5915
0	3	70	21	6800
0	3	70	492	8325
0	3	70	582	2741
0	3	70	671	329
0	3	71	96	2206
0	3	71	605	7641
0	3	71	951	4004
0	3	72	489	1588
0	3	72	608	3094
0	3	72	284	4148
0	3	72	849	731
0	3	72	800	8761
0	3	72	400	27
0	3	73	188	6468
0	3	73	817	4888
0	3	74	758	9641
0	3	74	551	3687
0	3	74	107	1362
0	3	74	871	6593
0	3	75	442	5391
0	3	75	409	6648
0	3	75	202	4510
0	3	75	640	8641
0	3	75	234	5400
0	3	76	737	9758
0	3	76	246	9572
0	3	76	38	4174
0	3	76	885	3252
0	3	76	945	1518
0	3	77	246	3139
0	3	77	496	1943
0	3	77	685	8882
0	3	77	567	9086
0	3	77	663	3101
0	3	77	420	4567
0	3	78	152	3719
0	3	78	221	1323
0	3	78	938	7755
0	3	78	517	5729
0	3	78	293	7271
0	3	79	74	2429
0	3	79	38	1411
0	3	79	480	3953
0	3	79	475	1436
0	3	79	624	3984
0	3	79	427	6549
0	3	79	765	8631
0	3	79	925	3125
0	3	8	305	1355
0	3	8	172	659
0	3	8	120	1356
0	3	8	827	8890
0	3	8	4	5809
0	3	80	224	5307
0	3	80	908	7908
0	3	81	690	5800
0	3	81	141	8400
0	3	81	672	4536
0	3	82	771	7778
0	3	82	246	8263
0	3	82	549	4942
0	3	83	528	1195
0	3	83	319	9250
0	3	83	939	900
0	3	83	115	6886
0	3	83	690	6173
0	3	83	756	7655
0	3	83	453	3173
0	3	83	324	6113
0	3	83	181	8133
0	3	83	129	8266
0	3	83	846	9679
0	3	83	88	5155
0	3	84	422	7489
0	3	84	25	7663
0	3	84	319	7927
0	3	84	279	1753
0	3	84	619	6672
0	3	84	198	496
0	3	84	466	3910
0	3	85	662	6818
0	3	85	256	9315
0	3	85	133	6974
0	3	85	389	4498
0	3	85	815	1475
0	3	86	351	6368
0	3	86	29	9238
0	3	86	308	4308
0	3	86	699	3101
0	3	86	10	5628
0	3	86	820	9492
0	3	86	283	1636
0	3	86	853	1042
0	3	87	526	8224
0	3	87	402	1489
0	3	87	535	7013
0	3	87	764	5267
0	3	87	85	2296
0	3	87	11	3251
0	3	87	286	1456
0	3	87	349	6721
0	3	87	289	8646
0	3	88	980	9391
0	3	88	403	7913
0	3	88	767	2381
0	3	88	948	3155
0	3	88	459	2647
0	3	89	233	505
0	3	89	701	5951
0	3	89	613	5050
0	3	89	843	3474
0	3	89	390	2956
0	3	9	508	6944
0	3	9	368	1906
0	3	9	938	9685
0	3	90	164	2219
0	3	90	513	6777
0	3	90	408	9065
0	3	90	861	5286
0	3	90	659	7434
0	3	90	91	686
0	3	90	928	6678
0	3	90	454	9265
0	3	90	989	4592
0	3	90	969	2878
0	3	90	367	1102
0	3	90	300	9554
0	3	91	898	124
0	3	91	959	2594
0	3	91	603	7089
0	3	91	972	553
0	3	91	864	3926
0	3	92	889	2936
0	3	92	16	5762
0	3	92	816	3986
0	3	92	648	1942
0	3	93	763	5100
0	3	93	367	3672
0	3	93	248	2579
0	3	93	896	528
0	3	93	406	7480
0	3	94	410	9640
0	3	94	443	6089
0	3	94	976	5613
0	3	94	543	4510
0	3	94	328	1736
0	3	94	135	4347
0	3	95	132	2640
0	3	95	772	9742
0	3	95	729	9713
0	3	96	556	5303
0	3	96	785	8116
0	3	96	822	4816
0	3	96	788	4006
0	3	96	248	9388
0	3	96	438	717
0	3	96	50	4749
0	3	96	331	9974
0	3	97	892	8296
0	3	97	698	7605
0	3	97	755	5868
0	3	98	788	1449
0	3	98	178	9528
0	3	98	914	3766
0	3	98	645	8372
0	3	98	802	4046
0	3	98	419	9628
0	3	98	688	1291
0	3	98	994	6966
