0	7	0	218	1588
0	7	0	277	2054
0	7	0	335	5041
0	7	0	462	3091
0	7	0	927	7420
0	7	1	354	8647
0	7	1	255	1184
0	7	1	74	8021
0	7	10	381	7310
0	7	10	898	1592
0	7	10	745	7009
0	7	10	928	8708
0	7	10	193	9798
0	7	11	908	3353
0	7	11	63	1600
0	7	11	52	4741
0	7	11	753	3272
0	7	12	46	8016
0	7	12	104	7942
0	7	12	187	7734
0	7	12	78	3823
0	7	12	545	5689
0	7	12	401	7169
0	7	13	933	4651
0	7	13	147	4234
0	7	13	766	6826
0	7	13	799	8058
0	7	14	654	7370
0	7	14	868	2722
0	7	14	870	5620
0	7	15	322	9970
0	7	15	725	3333
0	7	15	48	4957
0	7	15	593	4897
0	7	15	265	927
0	7	15	547	7319
0	7	15	505	5750
0	7	15	744	9034
0	7	16	853	4771
0	7	16	143	2315
0	7	16	390	5069
0	7	16	977	642
0	7	16	551	3172
0	7	16	180	2840
0	7	16	89	5624
0	7	16	796	9870
0	7	16	987	3339
0	7	17	766	2779
0	7	17	302	657
0	7	17	265	2293
0	7	18	596	5206
0	7	18	465	1769
0	7	19	698	6779
0	7	19	358	8438
0	7	19	111	9835
0	7	19	251	4940
0	7	19	598	4566
0	7	19	337	3121
0	7	19	417	2359
0	7	19	213	9377
0	7	2	420	4727
0	7	2	640	9786
0	7	2	267	72
0	7	2	198	975
0	7	2	932	8936
0	7	2	981	6092
0	7	2	737	1866
0	7	20	972	6689
0	7	20	248	2421
0	7	20	987	3385
0	7	20	183	75
0	7	20	850	8345
0	7	20	816	8122
0	7	20	336	6215
0	7	21	224	3049
0	7	21	566	1159
0	7	21	748	643
0	7	21	361	6338
0	7	21	682	2320
0	7	21	757	5128
0	7	22	656	7978
0	7	22	431	9423
0	7	22	293	8234
0	7	22	57	803
0	7	22	639	201
0	7	23	32	925
0	7	23	452	8853
0	7	23	818	2888
0	7	24	140	1264
0	7	24	721	7972
0	7	24	564	4989
0	7	24	718	4431
0	7	24	153	5435
0	7	24	637	7149
0	7	25	438	2789
0	7	25	844	9761
0	7	25	854	2514
0	7	25	895	8860
0	7	25	817	8855
0	7	25	291	4695
0	7	25	959	1107
0	7	26	636	3992
0	7	26	115	3735
0	7	26	509	2986
0	7	26	497	3955
0	7	27	657	7868
0	7	27	765	7847
0	7	27	153	7876
0	7	27	322	6517
0	7	27	374	1207
0	7	27	239	4987
0	7	28	602	892
0	7	28	529	6084
0	7	28	476	1260
0	7	28	267	2053
0	7	28	13	2397
0	7	28	927	8479
0	7	29	803	5811
0	7	29	229	7313
0	7	29	520	4649
0	7	29	669	1115
0	7	29	56	2571
0	7	3	540	7300
0	7	3	269	4700
0	7	30	727	4378
0	7	30	505	5319
0	7	30	804	2879
0	7	30	450	6790
0	7	30	384	4206
0	7	30	855	5107
0	7	30	988	3396
0	7	30	254	3892
0	7	30	247	4655
0	7	30	699	8633
0	7	30	936	8006
0	7	30	823	3534
0	7	31	155	3456
0	7	31	954	610
0	7	32	198	4644
0	7	32	4	3433
0	7	32	849	8396
0	7	32	465	4329
0	7	32	448	8417
0	7	32	817	5095
0	7	32	896	1983
0	7	32	727	2615
0	7	33	737	4892
0	7	33	481	5552
0	7	33	191	3144
0	7	33	112	479
0	7	34	768	9706
0	7	34	413	4330
0	7	34	954	5377
0	7	35	912	1712
0	7	35	304	2090
0	7	35	691	6554
0	7	35	262	1253
0	7	35	320	1656
0	7	35	526	5170
0	7	35	369	5505
0	7	35	734	4118
0	7	35	251	3343
0	7	35	530	1062
0	7	36	493	2600
0	7	36	676	5609
0	7	36	208	3429
0	7	36	579	308
0	7	36	854	8792
0	7	36	151	3999
0	7	37	170	7326
0	7	37	679	16
0	7	38	974	7933
0	7	38	597	1286
0	7	38	702	2841
0	7	38	691	7143
0	7	39	281	2290
0	7	39	639	5897
0	7	39	979	843
0	7	39	609	3117
0	7	39	57	8468
0	7	39	44	4216
0	7	39	802	3780
0	7	39	214	5942
0	7	39	582	2724
0	7	39	639	6046
0	7	39	11	1901
0	7	4	565	3250
0	7	4	311	6797
0	7	4	351	1746
0	7	4	25	2878
0	7	4	893	5285
0	7	4	85	3604
0	7	4	607	4579
0	7	40	590	6164
0	7	40	118	7604
0	7	40	595	3312
0	7	40	664	5302
0	7	40	752	782
0	7	40	522	2545
0	7	41	931	5812
0	7	41	788	901
0	7	41	574	5125
0	7	42	246	3195
0	7	42	841	4812
0	7	42	527	2282
0	7	42	326	2493
0	7	43	316	9393
0	7	43	224	5902
0	7	43	19	2081
0	7	44	301	5094
0	7	44	800	2734
0	7	44	691	1303
0	7	44	182	6931
0	7	44	618	7546
0	7	44	862	2375
0	7	44	211	4036
0	7	45	374	1365
0	7	45	946	3480
0	7	45	752	7404
0	7	45	514	4470
0	7	45	278	282
0	7	46	763	7326
0	7	46	105	8865
0	7	46	777	3446
0	7	46	754	725
0	7	46	791	8970
0	7	46	943	3438
0	7	46	449	3197
0	7	46	536	2772
0	7	47	956	2935
0	7	47	883	8247
0	7	47	626	3139
0	7	47	174	2760
0	7	47	441	6662
0	7	48	319	5014
0	7	48	778	9352
0	7	48	667	1185
0	7	49	720	7064
0	7	49	444	2006
0	7	49	165	2378
0	7	5	674	4218
0	7	5	109	1236
0	7	5	528	4469
0	7	5	67	5088
0	7	50	812	2796
0	7	50	484	1435
0	7	50	863	1094
0	7	50	344	3299
0	7	50	735	5317
0	7	50	726	6218
0	7	50	316	6848
0	7	50	200	7712
0	7	50	706	7307
0	7	50	160	2744
0	7	51	449	4401
0	7	51	147	1238
0	7	51	224	2719
0	7	52	712	9758
0	7	52	638	1348
0	7	52	908	4681
0	7	52	390	7257
0	7	53	180	9982
0	7	53	230	3605
0	7	53	581	9584
0	7	53	861	5012
0	7	53	734	3866
0	7	53	424	4544
0	7	54	157	2685
0	7	54	708	5230
0	7	54	199	4427
0	7	54	967	6443
0	7	54	44	5649
0	7	54	421	5384
0	7	54	315	5054
0	7	54	219	4156
0	7	55	816	1589
0	7	55	734	9900
0	7	55	284	2972
0	7	55	794	5170
0	7	55	819	2851
0	7	55	181	4636
0	7	55	61	1185
0	7	55	492	3615
0	7	55	84	35
0	7	56	239	1180
0	7	56	507	5102
0	7	56	324	9952
0	7	56	577	5650
0	7	56	525	4765
0	7	57	191	6983
0	7	57	320	3243
0	7	57	458	2524
0	7	57	606	4834
0	7	57	306	922
0	7	58	793	72
0	7	58	418	7780
0	7	58	915	9943
0	7	58	506	8912
0	7	59	231	3568
0	7	59	436	2794
0	7	59	355	7588
0	7	59	809	6849
0	7	6	39	5107
0	7	6	259	9404
0	7	6	991	5675
0	7	6	286	3156
0	7	6	853	677
0	7	6	340	9860
0	7	6	251	5660
0	7	6	601	7658
0	7	60	225	2061
0	7	60	950	5151
0	7	60	34	2825
0	7	60	0	4076
0	7	60	988	814
0	7	61	537	921
0	7	61	213	3519
0	7	61	156	3856
0	7	61	156	5473
0	7	61	239	4880
0	7	62	108	8304
0	7	62	942	5032
0	7	62	496	2983
0	7	62	359	5436
0	7	62	941	9887
0	7	62	648	940
0	7	63	456	8530
0	7	63	568	506
0	7	63	597	2441
0	7	63	636	4492
0	7	63	357	135
0	7	63	346	137
0	7	63	656	7867
0	7	63	770	8559
0	7	63	8	8047
0	7	63	994	5279
0	7	63	881	8619
0	7	63	289	1376
0	7	64	426	9526
0	7	64	879	6930
0	7	64	939	865
0	7	64	980	3075
0	7	64	122	1827
0	7	64	35	242
0	7	65	95	7341
0	7	65	800	7836
0	7	65	675	3121
0	7	66	25	3277
0	7	66	80	429
0	7	66	59	9937
0	7	66	702	912
0	7	66	269	6013
0	7	66	432	3456
0	7	67	375	3636
0	7	67	879	9903
0	7	67	295	5619
0	7	67	513	9101
0	7	67	322	924
0	7	67	557	6426
0	7	68	481	5619
0	7	68	659	8735
0	7	68	676	180
0	7	68	895	6480
0	7	68	236	9749
0	7	68	307	1075
0	7	68	69	6069
0	7	68	920	5156
0	7	69	172	1191
0	7	69	512	5138
0	7	69	19	6688
0	7	69	187	526
0	7	69	498	6334
0	7	69	62	1505
0	7	69	212	1495
0	7	69	651	3712
0	7	69	280	2392
0	7	69	708	6992
0	7	69	832	2191
0	7	7	765	3658
0	7	7	277	2822
0	7	7	81	1961
0	7	7	447	3315
0	7	7	537	3488
0	7	7	877	5015
0	7	7	855	3368
0	7	7	892	6848
0	7	70	388	6945
0	7	71	776	1312
0	7	71	293	7802
0	7	71	53	9892
0	7	71	20	9895
0	7	71	6	1313
0	7	71	235	5033
0	7	71	842	235
0	7	71	189	225
0	7	71	577	862
0	7	71	270	6539
0	7	72	147	2092
0	7	72	961	6423
0	7	72	285	3339
0	7	72	843	237
0	7	72	892	7012
0	7	72	825	6669
0	7	73	199	379
0	7	73	577	6223
0	7	73	986	2727
0	7	73	86	880
0	7	73	192	2490
0	7	73	31	7393
0	7	73	122	2931
0	7	73	442	6637
0	7	74	730	5798
0	7	74	767	9062
0	7	74	466	1
0	7	74	181	3225
0	7	74	584	5036
0	7	75	533	8987
0	7	75	934	362
0	7	75	54	4699
0	7	75	64	8467
0	7	75	530	1064
0	7	75	573	5370
0	7	76	415	6911
0	7	76	459	2044
0	7	76	788	8779
0	7	76	619	9216
0	7	76	534	2722
0	7	76	740	5421
0	7	76	387	5640
0	7	76	46	1367
0	7	76	651	5454
0	7	76	740	7388
0	7	77	990	2758
0	7	77	163	4024
0	7	77	985	5853
0	7	77	379	2285
0	7	77	777	6794
0	7	77	594	3766
0	7	77	779	903
0	7	77	389	6472
0	7	77	250	9387
0	7	78	198	8559
0	7	78	450	8242
0	7	78	139	9156
0	7	78	76	5713
0	7	78	557	6685
0	7	78	393	8564
0	7	79	137	5744
0	7	79	50	2193
0	7	79	131	5535
0	7	79	953	2738
0	7	8	747	4329
0	7	8	973	6309
0	7	8	749	9292
0	7	8	96	4164
0	7	8	489	904
0	7	8	825	2685
0	7	8	303	8400
0	7	8	893	7034
0	7	8	860	4802
0	7	8	525	2350
0	7	8	256	1335
0	7	8	620	5625
0	7	8	275	4847
0	7	80	164	3967
0	7	80	851	7993
0	7	80	649	5877
0	7	80	247	4740
0	7	80	269	2451
0	7	80	576	2951
0	7	81	46	4084
0	7	81	923	9124
0	7	81	724	2732
0	7	81	776	8093
0	7	81	724	3850
0	7	81	949	3295
0	7	81	148	8270
0	7	81	927	7612
0	7	82	340	586
0	7	82	439	3987
0	7	82	58	1101
0	7	82	106	2263
0	7	82	581	5347
0	7	83	364	5125
0	7	83	220	9228
0	7	83	548	7598
0	7	83	592	4428
0	7	83	974	9947
0	7	83	148	9923
0	7	83	162	9845
0	7	83	28	663
0	7	84	375	3853
0	7	84	696	9511
0	7	84	514	4379
0	7	84	535	4605
0	7	84	448	1555
0	7	85	441	6261
0	7	85	123	2278
0	7	86	395	5895
0	7	86	344	2378
0	7	86	152	8212
0	7	86	925	8871
0	7	86	721	6134
0	7	86	249	4877
0	7	86	948	7016
0	7	86	689	8090
0	7	86	755	579
0	7	87	585	4667
0	7	87	985	934
0	7	87	258	834
0	7	87	483	5121
0	7	87	907	3523
0	7	87	74	7112
0	7	88	655	3535
0	7	88	792	6181
0	7	88	528	6582
0	7	88	862	3574
0	7	88	887	9203
0	7	88	571	3719
0	7	89	455	8859
0	7	89	629	2861
0	7	89	95	7481
0	7	89	932	3191
0	7	89	440	2064
0	7	9	941	7541
0	7	9	309	5587
0	7	9	564	2618
0	7	9	877	6097
0	7	9	412	8325
0	7	9	781	7329
0	7	90	203	5599
0	7	90	646	4450
0	7	90	478	2111
0	7	90	550	6093
0	7	90	463	9592
0	7	90	971	2117
0	7	90	164	8647
0	7	90	419	4616
0	7	91	828	1127
0	7	91	559	1763
0	7	91	142	2331
0	7	91	568	1437
0	7	92	839	1613
0	7	92	780	6991
0	7	92	961	1378
0	7	93	16	4370
0	7	93	202	8540
0	7	94	500	9978
0	7	94	317	224
0	7	94	554	6287
0	7	94	177	9282
0	7	94	18	7629
0	7	94	866	5323
0	7	94	365	2776
0	7	95	477	7982
0	7	95	183	417
0	7	95	355	5854
0	7	95	200	6269
0	7	95	335	1632
0	7	96	506	1450
0	7	96	669	5615
0	7	96	426	7559
0	7	96	352	2421
0	7	96	103	7669
0	7	98	125	2051
0	7	98	591	7522
