0	2	0	466	5374
0	2	0	609	6888
0	2	0	352	2165
0	2	0	476	3765
0	2	0	724	614
0	2	0	10	8973
0	2	0	80	5847
0	2	0	951	6512
0	2	0	14	5660
0	2	0	597	1051
0	2	0	910	3702
0	2	1	479	6552
0	2	1	637	4774
0	2	10	824	6059
0	2	10	480	8908
0	2	10	229	7994
0	2	10	747	4541
0	2	10	540	773
0	2	10	460	3221
0	2	11	561	217
0	2	11	520	3590
0	2	11	697	1322
0	2	12	726	1983
0	2	12	185	746
0	2	12	662	3687
0	2	12	968	9730
0	2	13	898	2549
0	2	13	407	1179
0	2	13	769	476
0	2	13	669	2714
0	2	13	938	4914
0	2	13	514	3201
0	2	13	890	2566
0	2	13	797	6103
0	2	13	31	760
0	2	14	234	1155
0	2	14	564	1999
0	2	14	325	1119
0	2	14	657	3949
0	2	14	780	7876
0	2	15	843	3672
0	2	15	777	5039
0	2	15	37	5716
0	2	15	512	2228
0	2	15	975	9143
0	2	16	452	1529
0	2	16	101	796
0	2	16	398	8787
0	2	16	575	1681
0	2	16	496	2512
0	2	16	535	5193
0	2	16	880	6435
0	2	16	433	1865
0	2	17	915	9616
0	2	17	712	4924
0	2	17	114	6372
0	2	17	898	5589
0	2	17	356	7164
0	2	18	816	5669
0	2	18	143	4013
0	2	18	572	5611
0	2	18	451	1751
0	2	19	992	122
0	2	19	521	5523
0	2	19	605	2952
0	2	19	623	4280
0	2	19	833	5589
0	2	2	429	6438
0	2	2	521	3325
0	2	2	67	7685
0	2	2	61	6262
0	2	2	703	4720
0	2	2	321	2712
0	2	2	292	5697
0	2	2	646	3081
0	2	20	523	7595
0	2	20	315	6094
0	2	20	751	7771
0	2	20	829	4706
0	2	20	801	2446
0	2	21	336	5437
0	2	21	527	1624
0	2	21	308	137
0	2	21	887	6361
0	2	21	459	6712
0	2	21	273	8983
0	2	22	47	9910
0	2	22	410	9025
0	2	22	673	8322
0	2	22	722	5324
0	2	22	360	5294
0	2	23	622	3696
0	2	23	968	1100
0	2	23	246	9645
0	2	23	689	6260
0	2	23	789	7289
0	2	23	214	3684
0	2	23	230	4044
0	2	23	982	6179
0	2	23	525	1723
0	2	24	354	5028
0	2	24	569	1684
0	2	24	725	1434
0	2	24	945	6747
0	2	24	771	1702
0	2	24	819	7438
0	2	24	378	5654
0	2	24	562	827
0	2	25	423	3973
0	2	25	654	2879
0	2	25	99	1666
0	2	26	657	5814
0	2	26	191	3440
0	2	26	501	8512
0	2	26	598	4306
0	2	26	319	9233
0	2	26	916	4242
0	2	27	626	8663
0	2	27	466	2842
0	2	27	856	4643
0	2	27	384	461
0	2	27	163	7388
0	2	27	244	1789
0	2	27	267	3376
0	2	27	96	4339
0	2	27	818	4202
0	2	28	57	5051
0	2	28	611	8954
0	2	28	826	4183
0	2	29	354	113
0	2	29	735	9060
0	2	29	729	982
0	2	29	25	935
0	2	3	758	602
0	2	3	466	4982
0	2	3	773	7280
0	2	3	23	7424
0	2	30	963	3480
0	2	30	875	1646
0	2	30	253	228
0	2	30	42	4448
0	2	30	372	4139
0	2	30	563	5878
0	2	31	152	4590
0	2	31	298	8266
0	2	31	122	2210
0	2	31	37	7014
0	2	31	83	416
0	2	32	910	2092
0	2	32	580	9760
0	2	32	408	177
0	2	33	333	7079
0	2	33	241	4660
0	2	34	391	4513
0	2	34	390	7624
0	2	34	326	7385
0	2	34	119	5280
0	2	34	584	2455
0	2	34	665	9651
0	2	35	967	7026
0	2	35	303	7842
0	2	35	2	5267
0	2	35	149	8188
0	2	35	914	7989
0	2	36	176	1165
0	2	36	573	2137
0	2	36	45	7218
0	2	36	989	7895
0	2	36	579	1743
0	2	37	597	4899
0	2	37	782	1395
0	2	37	519	3385
0	2	37	982	4180
0	2	37	154	528
0	2	37	716	862
0	2	38	384	6988
0	2	38	10	6064
0	2	39	229	1445
0	2	39	580	9892
0	2	39	218	8271
0	2	39	801	1811
0	2	39	510	5128
0	2	39	234	1424
0	2	39	815	787
0	2	39	547	1084
0	2	39	779	2635
0	2	4	907	6697
0	2	4	30	7357
0	2	4	956	297
0	2	4	509	9954
0	2	4	194	8267
0	2	40	882	3294
0	2	40	175	4332
0	2	40	960	3088
0	2	40	418	2537
0	2	40	310	3394
0	2	40	322	1913
0	2	40	439	1695
0	2	41	361	7218
0	2	41	541	5612
0	2	41	442	7940
0	2	41	340	6891
0	2	41	894	80
0	2	41	43	6063
0	2	42	234	3608
0	2	42	586	5217
0	2	42	321	8987
0	2	42	406	9886
0	2	42	521	8968
0	2	42	906	5192
0	2	42	848	1726
0	2	43	943	7859
0	2	43	692	6609
0	2	43	811	2760
0	2	44	801	4272
0	2	44	181	520
0	2	44	491	8934
0	2	44	919	799
0	2	44	164	5858
0	2	44	280	5295
0	2	44	624	3127
0	2	45	636	5635
0	2	45	864	4544
0	2	45	201	6249
0	2	45	337	6822
0	2	46	68	3474
0	2	46	850	9664
0	2	46	946	8674
0	2	46	15	6592
0	2	46	626	6143
0	2	47	806	5804
0	2	47	930	7290
0	2	47	17	4405
0	2	47	251	2923
0	2	47	613	2947
0	2	47	86	4277
0	2	48	966	1351
0	2	48	968	923
0	2	48	35	7605
0	2	48	184	8768
0	2	48	822	4824
0	2	48	593	8468
0	2	48	189	50
0	2	48	698	9054
0	2	48	236	3634
0	2	49	851	6713
0	2	49	629	5204
0	2	49	173	6756
0	2	49	427	8292
0	2	49	812	45
0	2	49	951	4138
0	2	5	711	6742
0	2	5	95	7550
0	2	5	560	9523
0	2	5	568	3168
0	2	5	461	6060
0	2	50	583	9691
0	2	50	236	9746
0	2	50	492	9505
0	2	51	880	3362
0	2	51	604	5300
0	2	51	43	5281
0	2	51	883	5229
0	2	51	757	9860
0	2	51	451	6713
0	2	51	888	9830
0	2	51	160	5116
0	2	52	991	8810
0	2	52	177	7745
0	2	52	583	2152
0	2	52	249	6587
0	2	52	292	869
0	2	52	598	5975
0	2	52	609	6227
0	2	52	235	5441
0	2	52	804	2611
0	2	53	434	8387
0	2	53	597	902
0	2	53	270	2749
0	2	53	283	880
0	2	53	67	4316
0	2	53	266	4802
0	2	53	823	4256
0	2	53	337	5668
0	2	53	154	5665
0	2	53	137	3098
0	2	54	495	2823
0	2	54	946	9723
0	2	54	863	8323
0	2	54	150	1714
0	2	54	555	8140
0	2	55	709	4220
0	2	55	388	2685
0	2	56	251	6186
0	2	56	416	6531
0	2	56	470	489
0	2	56	691	3146
0	2	56	240	6806
0	2	57	524	3794
0	2	57	209	8219
0	2	57	214	8136
0	2	57	564	6637
0	2	57	822	3502
0	2	57	457	9313
0	2	58	203	5262
0	2	58	848	4354
0	2	58	87	725
0	2	58	855	3339
0	2	58	502	8213
0	2	58	247	2663
0	2	58	292	3975
0	2	58	219	5682
0	2	58	932	16
0	2	59	269	8202
0	2	59	233	3440
0	2	59	31	2091
0	2	59	873	2261
0	2	59	791	8931
0	2	59	483	6822
0	2	59	712	3997
0	2	59	793	7112
0	2	59	237	7575
0	2	6	868	709
0	2	6	553	4123
0	2	60	786	5937
0	2	60	703	5606
0	2	60	60	1046
0	2	60	682	1360
0	2	60	656	2688
0	2	60	913	6716
0	2	60	737	102
0	2	61	208	1391
0	2	61	234	8514
0	2	61	214	875
0	2	61	648	9770
0	2	61	275	667
0	2	61	279	6354
0	2	62	469	9670
0	2	62	400	614
0	2	62	835	4211
0	2	62	9	690
0	2	62	478	3215
0	2	62	415	721
0	2	62	603	2030
0	2	62	490	9857
0	2	62	532	5027
0	2	63	561	2515
0	2	63	753	4517
0	2	63	240	8352
0	2	63	357	5716
0	2	63	685	5700
0	2	63	504	8758
0	2	63	57	933
0	2	63	62	6973
0	2	64	823	1601
0	2	64	295	8855
0	2	64	100	8853
0	2	64	248	8744
0	2	64	734	5487
0	2	64	223	3065
0	2	64	562	3657
0	2	65	549	2741
0	2	65	954	486
0	2	65	574	3875
0	2	65	788	2224
0	2	65	671	2940
0	2	65	86	4591
0	2	65	211	8769
0	2	66	573	1276
0	2	66	475	1793
0	2	66	801	9713
0	2	66	463	5295
0	2	66	868	4026
0	2	67	588	6767
0	2	67	572	9663
0	2	67	749	8992
0	2	68	45	3028
0	2	68	705	2846
0	2	68	893	3740
0	2	68	74	7066
0	2	69	362	4529
0	2	7	941	6193
0	2	7	601	718
0	2	7	812	9440
0	2	7	512	8617
0	2	7	364	8421
0	2	70	147	7435
0	2	70	513	3126
0	2	70	707	8278
0	2	70	924	1174
0	2	70	90	6129
0	2	70	421	9196
0	2	70	900	6799
0	2	70	661	1039
0	2	70	724	185
0	2	70	994	2135
0	2	71	23	8826
0	2	71	709	2946
0	2	71	994	6168
0	2	71	553	3129
0	2	72	802	8975
0	2	72	347	4450
0	2	72	849	5550
0	2	73	671	4013
0	2	73	393	7892
0	2	73	458	6329
0	2	73	183	4216
0	2	73	675	537
0	2	73	452	6164
0	2	74	361	1820
0	2	74	625	731
0	2	74	16	3246
0	2	74	213	1021
0	2	75	994	8389
0	2	75	841	7894
0	2	75	862	8410
0	2	75	802	5959
0	2	76	132	3570
0	2	77	526	9798
0	2	77	328	5446
0	2	77	663	4600
0	2	77	131	7584
0	2	77	446	9450
0	2	77	673	4165
0	2	77	506	6573
0	2	78	598	7954
0	2	78	162	29
0	2	78	114	4965
0	2	79	377	9017
0	2	79	806	5648
0	2	79	152	4661
0	2	79	35	6740
0	2	79	303	1794
0	2	8	365	4352
0	2	8	486	144
0	2	8	545	4440
0	2	8	911	4478
0	2	8	416	8668
0	2	8	911	3701
0	2	80	527	234
0	2	80	754	3116
0	2	80	695	8964
0	2	80	164	7675
0	2	80	827	3101
0	2	80	791	8793
0	2	80	953	634
0	2	80	468	5647
0	2	80	44	9684
0	2	80	172	802
0	2	80	444	4378
0	2	81	888	4321
0	2	81	538	647
0	2	81	711	2446
0	2	82	732	9604
0	2	82	491	3427
0	2	82	496	7451
0	2	82	880	1707
0	2	82	691	1587
0	2	82	429	4682
0	2	82	921	1903
0	2	82	437	9582
0	2	83	948	9648
0	2	83	69	5498
0	2	83	882	2697
0	2	83	533	2327
0	2	83	664	9334
0	2	83	545	915
0	2	83	964	192
0	2	83	980	7039
0	2	84	134	5965
0	2	84	827	5173
0	2	84	92	3778
0	2	84	353	4628
0	2	84	274	9069
0	2	85	807	665
0	2	85	590	4521
0	2	85	190	9304
0	2	85	246	7498
0	2	85	956	8628
0	2	85	412	8597
0	2	86	998	9389
0	2	86	367	2162
0	2	86	448	3602
0	2	86	53	2148
0	2	86	358	7038
0	2	87	321	5867
0	2	87	369	3771
0	2	87	617	1097
0	2	87	173	2157
0	2	87	361	2552
0	2	87	772	7677
0	2	87	58	9148
0	2	87	585	8562
0	2	88	201	6524
0	2	88	225	8066
0	2	88	96	2043
0	2	88	35	5741
0	2	88	821	8522
0	2	89	240	4139
0	2	89	903	8159
0	2	89	307	1098
0	2	89	417	2006
0	2	89	672	410
0	2	89	222	9990
0	2	89	755	4810
0	2	89	766	3565
0	2	89	323	8509
0	2	9	362	4453
0	2	9	44	1368
0	2	9	219	8818
0	2	9	811	5106
0	2	9	329	8035
0	2	9	419	1615
0	2	9	632	5256
0	2	9	487	6923
0	2	9	460	3384
0	2	9	703	5337
0	2	9	297	2035
0	2	90	703	6932
0	2	90	194	4093
0	2	90	314	9550
0	2	90	256	2479
0	2	90	720	1339
0	2	91	279	6236
0	2	91	34	6443
0	2	91	556	856
0	2	91	595	3117
0	2	91	154	5811
0	2	91	23	2694
0	2	91	408	8249
0	2	91	214	4619
0	2	92	574	9127
0	2	92	968	2057
0	2	92	615	4490
0	2	92	447	3130
0	2	92	867	6470
0	2	93	870	76
0	2	93	45	9555
0	2	93	311	7116
0	2	93	711	4043
0	2	93	629	864
0	2	93	912	7014
0	2	93	5	5931
0	2	93	281	8714
0	2	94	231	8245
0	2	94	120	673
0	2	95	663	6344
0	2	96	280	635
0	2	96	3	8445
0	2	96	250	547
0	2	96	145	137
0	2	96	395	4961
0	2	96	247	1525
0	2	97	441	6550
0	2	97	391	9922
0	2	97	980	291
0	2	97	347	722
0	2	97	632	2476
0	2	97	940	4545
0	2	97	225	8430
0	2	97	661	163
0	2	97	472	1315
0	2	97	906	7958
0	2	98	528	2745
0	2	98	543	5065
0	2	98	944	3663
0	2	98	232	213
0	2	98	599	5481
0	2	98	199	861
0	2	98	575	211
