0	4	0	832	5295
0	4	0	71	3012
0	4	1	887	7139
0	4	1	248	8784
0	4	1	243	8288
0	4	1	43	4698
0	4	1	487	5068
0	4	1	853	3811
0	4	10	798	5972
0	4	10	281	7743
0	4	10	511	925
0	4	10	280	1492
0	4	10	688	6146
0	4	11	792	8807
0	4	11	150	7617
0	4	12	134	4284
0	4	12	334	1584
0	4	12	252	7955
0	4	12	727	5922
0	4	12	898	3539
0	4	12	979	6524
0	4	12	184	5211
0	4	13	866	9918
0	4	13	172	1548
0	4	13	448	8313
0	4	13	945	2346
0	4	13	36	9920
0	4	13	175	3280
0	4	14	607	7947
0	4	14	511	1798
0	4	14	401	3113
0	4	14	969	4129
0	4	14	781	7446
0	4	15	105	8150
0	4	15	996	3932
0	4	15	61	6826
0	4	16	159	4984
0	4	16	605	7486
0	4	16	614	8606
0	4	16	667	5293
0	4	16	232	72
0	4	16	528	3769
0	4	16	712	4692
0	4	17	216	8787
0	4	17	209	6776
0	4	17	422	3250
0	4	17	442	5380
0	4	17	729	5004
0	4	18	695	1770
0	4	18	364	1876
0	4	18	828	3440
0	4	18	783	2179
0	4	19	564	1139
0	4	19	281	581
0	4	19	782	3129
0	4	19	249	5986
0	4	19	585	3252
0	4	2	81	6407
0	4	2	63	7407
0	4	2	750	4988
0	4	2	123	9291
0	4	2	236	3068
0	4	2	650	420
0	4	2	293	6273
0	4	20	334	9572
0	4	20	550	5278
0	4	21	814	2569
0	4	21	952	6407
0	4	21	855	364
0	4	21	299	1618
0	4	21	562	1253
0	4	21	203	9100
0	4	22	918	1987
0	4	22	577	9516
0	4	22	507	9749
0	4	22	48	7284
0	4	23	130	9593
0	4	23	88	8304
0	4	23	886	6766
0	4	24	305	2204
0	4	24	505	4711
0	4	24	250	3701
0	4	25	132	1423
0	4	25	837	7869
0	4	26	881	4161
0	4	26	749	2786
0	4	26	798	380
0	4	26	357	9574
0	4	26	413	9394
0	4	27	416	8083
0	4	27	736	3838
0	4	27	421	1671
0	4	27	977	985
0	4	27	99	6753
0	4	28	972	538
0	4	28	717	1873
0	4	28	185	2962
0	4	28	186	978
0	4	28	736	3960
0	4	28	790	3200
0	4	28	268	9708
0	4	28	265	6473
0	4	28	649	9214
0	4	29	377	9022
0	4	29	708	8627
0	4	29	499	1768
0	4	3	121	6832
0	4	3	618	319
0	4	3	953	7038
0	4	3	108	3971
0	4	3	370	830
0	4	3	341	8544
0	4	3	986	1021
0	4	3	104	938
0	4	3	29	8365
0	4	30	297	1800
0	4	30	974	3109
0	4	30	908	377
0	4	30	931	8475
0	4	30	13	7386
0	4	30	365	7825
0	4	31	43	9155
0	4	31	499	6714
0	4	31	22	4225
0	4	31	369	1573
0	4	31	67	122
0	4	31	406	3940
0	4	32	415	6410
0	4	32	656	7646
0	4	32	195	5083
0	4	32	746	9175
0	4	33	582	5059
0	4	33	221	9833
0	4	33	246	6611
0	4	33	943	1954
0	4	33	467	4739
0	4	33	619	6373
0	4	33	53	1672
0	4	33	742	4133
0	4	33	97	8644
0	4	33	868	2276
0	4	33	792	3868
0	4	33	246	6258
0	4	33	681	9988
0	4	34	136	9402
0	4	34	684	850
0	4	34	764	6364
0	4	34	519	1689
0	4	34	847	6099
0	4	35	191	6986
0	4	35	255	9406
0	4	35	330	1880
0	4	35	710	3706
0	4	35	206	1628
0	4	35	596	6372
0	4	35	647	4276
0	4	36	61	3320
0	4	36	705	1697
0	4	36	672	1372
0	4	36	4	9660
0	4	36	869	6953
0	4	36	166	8814
0	4	36	750	4430
0	4	36	779	2133
0	4	37	648	3917
0	4	37	657	9744
0	4	37	572	9458
0	4	37	807	7137
0	4	37	388	8039
0	4	38	418	9740
0	4	38	873	6856
0	4	38	85	6563
0	4	38	608	7904
0	4	38	399	5938
0	4	38	869	3665
0	4	38	406	5313
0	4	38	402	9312
0	4	39	201	4994
0	4	39	894	628
0	4	39	248	7531
0	4	39	764	5661
0	4	39	446	3071
0	4	39	887	71
0	4	4	21	2011
0	4	4	73	6067
0	4	4	754	7318
0	4	4	795	3858
0	4	4	876	9980
0	4	40	891	2795
0	4	40	83	9054
0	4	40	134	1221
0	4	40	846	4519
0	4	40	253	3104
0	4	40	416	5
0	4	40	76	5119
0	4	40	700	1546
0	4	40	707	8250
0	4	40	675	4283
0	4	40	954	2090
0	4	41	135	6237
0	4	41	135	4614
0	4	41	360	8172
0	4	41	557	7818
0	4	41	868	4407
0	4	41	43	6719
0	4	42	519	5153
0	4	42	66	2732
0	4	42	184	6571
0	4	42	106	1677
0	4	42	777	3713
0	4	42	351	6092
0	4	42	765	3695
0	4	42	844	628
0	4	42	17	5206
0	4	42	576	6236
0	4	43	66	9362
0	4	43	673	4951
0	4	43	13	4145
0	4	43	819	8456
0	4	43	832	4291
0	4	43	478	3046
0	4	44	728	8257
0	4	44	189	3663
0	4	44	255	5965
0	4	44	39	1315
0	4	44	816	6519
0	4	44	635	3948
0	4	44	758	2223
0	4	44	748	5621
0	4	44	4	5731
0	4	44	813	8902
0	4	44	171	2155
0	4	45	693	5971
0	4	45	820	3496
0	4	46	866	3398
0	4	46	796	4135
0	4	46	24	2162
0	4	46	28	2114
0	4	46	799	7178
0	4	46	632	5331
0	4	46	881	6530
0	4	46	891	945
0	4	46	933	1285
0	4	47	52	185
0	4	47	926	3993
0	4	47	407	5376
0	4	47	914	8822
0	4	47	169	8918
0	4	47	60	7221
0	4	47	149	581
0	4	48	724	5744
0	4	48	129	2720
0	4	48	299	638
0	4	48	690	7961
0	4	48	288	8740
0	4	48	896	6241
0	4	49	296	4477
0	4	49	391	1778
0	4	49	179	8029
0	4	49	645	6073
0	4	49	20	2733
0	4	5	979	9354
0	4	5	654	9443
0	4	5	623	7601
0	4	5	700	6278
0	4	5	340	917
0	4	5	257	6584
0	4	5	70	7381
0	4	50	905	9896
0	4	50	769	5701
0	4	50	515	7538
0	4	50	625	1971
0	4	50	332	7492
0	4	50	528	3288
0	4	50	774	1958
0	4	50	503	3703
0	4	50	281	2784
0	4	51	531	7225
0	4	51	403	2180
0	4	51	5	1206
0	4	51	942	2267
0	4	51	692	4679
0	4	52	39	7647
0	4	52	88	9988
0	4	52	108	3790
0	4	52	930	6217
0	4	52	178	1532
0	4	52	34	6337
0	4	52	467	7047
0	4	52	474	3
0	4	53	401	2451
0	4	53	367	441
0	4	53	786	7507
0	4	53	826	906
0	4	53	436	5962
0	4	54	100	4769
0	4	54	180	2054
0	4	54	49	2168
0	4	54	946	239
0	4	55	462	5927
0	4	55	253	1878
0	4	55	47	4780
0	4	55	925	8411
0	4	55	456	1466
0	4	56	60	5983
0	4	56	402	9130
0	4	56	375	1303
0	4	56	282	7795
0	4	56	665	8512
0	4	57	498	1171
0	4	57	393	117
0	4	57	134	7627
0	4	57	590	1365
0	4	58	391	9293
0	4	58	811	6164
0	4	58	996	5686
0	4	58	552	3564
0	4	58	932	761
0	4	58	216	4665
0	4	58	988	3438
0	4	58	255	51
0	4	59	233	2722
0	4	59	712	1463
0	4	59	568	418
0	4	59	556	29
0	4	6	51	6879
0	4	6	708	6593
0	4	60	570	6681
0	4	60	99	5829
0	4	60	499	8046
0	4	60	518	752
0	4	61	215	541
0	4	61	732	4829
0	4	61	968	8459
0	4	61	519	2105
0	4	61	122	6343
0	4	61	188	782
0	4	61	707	6571
0	4	62	575	5346
0	4	62	686	5118
0	4	62	92	7238
0	4	62	628	2837
0	4	62	945	2674
0	4	63	209	3679
0	4	63	331	227
0	4	63	324	2095
0	4	63	798	1198
0	4	64	810	557
0	4	64	877	3127
0	4	64	583	293
0	4	65	862	6552
0	4	65	398	1120
0	4	65	758	9384
0	4	65	186	6995
0	4	65	144	7917
0	4	65	3	850
0	4	65	855	5291
0	4	66	932	2159
0	4	66	173	2341
0	4	66	714	6624
0	4	66	884	568
0	4	66	706	8784
0	4	66	562	7721
0	4	66	903	2635
0	4	66	735	1353
0	4	66	861	1520
0	4	67	538	6850
0	4	67	126	3247
0	4	67	123	3745
0	4	67	306	5561
0	4	67	985	7272
0	4	67	1	772
0	4	67	232	1828
0	4	68	731	8189
0	4	68	173	7006
0	4	68	192	5326
0	4	68	26	9447
0	4	68	398	7672
0	4	68	406	3331
0	4	68	678	3180
0	4	69	322	6105
0	4	69	488	4264
0	4	69	813	7228
0	4	69	911	5641
0	4	69	459	2023
0	4	69	996	7952
0	4	7	502	1295
0	4	7	716	3556
0	4	7	337	7284
0	4	7	305	4704
0	4	70	69	3616
0	4	71	814	4026
0	4	71	920	4092
0	4	71	560	3325
0	4	71	609	5603
0	4	71	126	6238
0	4	72	916	4342
0	4	72	915	4876
0	4	72	250	1825
0	4	72	578	3115
0	4	73	383	2663
0	4	73	444	6621
0	4	73	711	8785
0	4	73	616	4920
0	4	73	875	6858
0	4	74	623	3144
0	4	74	248	685
0	4	74	255	9520
0	4	74	195	2014
0	4	75	169	108
0	4	75	596	4599
0	4	75	322	1263
0	4	75	100	9104
0	4	75	875	5123
0	4	75	836	234
0	4	75	689	6975
0	4	76	892	1498
0	4	76	313	7308
0	4	76	370	9958
0	4	76	392	2796
0	4	76	585	7653
0	4	77	294	427
0	4	77	240	8794
0	4	77	989	5249
0	4	77	271	4018
0	4	77	217	8433
0	4	77	258	5044
0	4	77	328	4574
0	4	77	336	6451
0	4	78	745	7035
0	4	78	261	948
0	4	78	722	7605
0	4	78	31	3290
0	4	78	456	122
0	4	78	823	810
0	4	79	854	4134
0	4	79	926	4623
0	4	79	453	5884
0	4	79	21	3928
0	4	79	898	5024
0	4	8	843	3760
0	4	8	174	8297
0	4	8	708	4907
0	4	8	948	8537
0	4	8	161	9920
0	4	8	460	5134
0	4	8	984	9043
0	4	8	13	2494
0	4	8	250	6702
0	4	80	872	7920
0	4	80	238	7227
0	4	80	395	4284
0	4	80	232	416
0	4	80	290	7927
0	4	80	113	4764
0	4	81	304	8723
0	4	81	905	850
0	4	81	384	1490
0	4	81	629	1863
0	4	81	547	8234
0	4	81	959	1536
0	4	82	476	3932
0	4	82	699	3217
0	4	82	979	2755
0	4	82	136	9210
0	4	83	42	8346
0	4	83	506	1072
0	4	83	136	9238
0	4	83	46	6873
0	4	83	147	2633
0	4	83	33	5090
0	4	83	911	9044
0	4	84	995	8180
0	4	84	968	3507
0	4	84	201	6334
0	4	85	882	7527
0	4	85	581	8937
0	4	85	50	6882
0	4	85	448	5853
0	4	85	788	8224
0	4	85	982	3103
0	4	85	359	367
0	4	85	518	6256
0	4	85	573	8162
0	4	85	19	7591
0	4	85	235	3963
0	4	86	575	3977
0	4	86	18	6610
0	4	86	18	1106
0	4	87	953	8143
0	4	87	602	8236
0	4	87	701	9339
0	4	87	535	8491
0	4	87	148	185
0	4	87	354	8065
0	4	87	466	97
0	4	87	114	3488
0	4	88	557	347
0	4	88	734	879
0	4	88	235	326
0	4	88	863	4677
0	4	88	904	4714
0	4	89	319	6335
0	4	89	58	4345
0	4	89	991	2579
0	4	89	13	7434
0	4	89	904	3262
0	4	9	708	4138
0	4	9	565	4312
0	4	9	584	4844
0	4	9	678	2282
0	4	9	312	9188
0	4	9	618	8179
0	4	9	832	405
0	4	9	252	2755
0	4	9	109	4022
0	4	90	452	4409
0	4	90	3	388
0	4	90	420	783
0	4	90	312	6353
0	4	90	391	9408
0	4	91	560	5545
0	4	91	523	1655
0	4	91	459	5418
0	4	91	364	6836
0	4	91	177	913
0	4	92	454	1060
0	4	92	282	6479
0	4	92	318	7195
0	4	92	616	76
0	4	92	774	4037
0	4	92	877	7034
0	4	92	133	2503
0	4	92	40	9031
0	4	93	639	5042
0	4	93	946	149
0	4	93	649	159
0	4	93	16	1409
0	4	93	835	9647
0	4	93	582	3135
0	4	93	495	4571
0	4	93	358	1111
0	4	93	593	1123
0	4	93	574	8468
0	4	93	951	3275
0	4	93	362	8893
0	4	93	264	7757
0	4	94	169	5338
0	4	94	97	503
0	4	94	613	7161
0	4	94	690	4595
0	4	94	980	1868
0	4	94	454	8771
0	4	94	696	4506
0	4	95	65	7624
0	4	95	669	6953
0	4	95	172	7705
0	4	95	139	9969
0	4	95	243	8032
0	4	95	785	536
0	4	96	93	2673
0	4	96	157	2
0	4	96	334	9891
0	4	96	218	1329
0	4	96	737	6588
0	4	96	736	918
0	4	96	722	5900
0	4	96	641	5032
0	4	96	514	3032
0	4	97	924	8899
0	4	97	504	1560
0	4	97	61	4929
0	4	97	724	9565
0	4	97	424	4078
0	4	97	851	3501
0	4	98	864	5993
0	4	98	987	7924
0	4	98	157	8220
