0	8	0	196	8701
0	8	0	457	5546
0	8	0	135	8342
0	8	1	906	9255
0	8	1	286	5416
0	8	1	475	6984
0	8	1	588	1052
0	8	1	407	1752
0	8	1	369	5746
0	8	10	626	7297
0	8	10	436	9366
0	8	10	881	1587
0	8	10	746	9255
0	8	10	67	1767
0	8	10	584	2227
0	8	11	808	7527
0	8	11	920	8998
0	8	11	91	9136
0	8	12	20	886
0	8	12	730	4285
0	8	12	320	1631
0	8	12	35	5441
0	8	13	401	421
0	8	13	13	6626
0	8	13	15	9096
0	8	13	724	2119
0	8	13	835	7994
0	8	13	640	7648
0	8	13	153	3929
0	8	13	449	7632
0	8	13	761	1701
0	8	14	804	6222
0	8	14	179	1837
0	8	14	478	4915
0	8	14	642	8642
0	8	14	256	5155
0	8	14	457	4438
0	8	14	351	579
0	8	14	435	5179
0	8	15	932	3496
0	8	15	814	2553
0	8	15	227	7907
0	8	15	597	1796
0	8	16	52	8018
0	8	16	359	9921
0	8	16	805	4786
0	8	16	994	9611
0	8	16	632	9976
0	8	16	841	6093
0	8	16	935	1023
0	8	16	108	6151
0	8	16	776	3751
0	8	16	958	2579
0	8	16	96	6920
0	8	17	34	9609
0	8	17	845	3405
0	8	17	650	6463
0	8	17	406	157
0	8	18	655	2454
0	8	18	599	75
0	8	18	327	2972
0	8	18	846	1322
0	8	18	767	7042
0	8	19	940	13
0	8	19	757	3604
0	8	19	420	4473
0	8	2	945	3366
0	8	2	721	3830
0	8	2	440	8841
0	8	2	311	7431
0	8	2	851	895
0	8	2	49	5965
0	8	2	704	1254
0	8	20	437	6090
0	8	20	85	8078
0	8	20	702	1184
0	8	20	566	7074
0	8	20	245	6643
0	8	20	694	1537
0	8	20	985	7154
0	8	20	596	5535
0	8	20	495	1905
0	8	20	889	4619
0	8	21	508	4009
0	8	21	217	288
0	8	21	178	4488
0	8	21	308	5313
0	8	21	712	7596
0	8	21	602	3773
0	8	21	502	2946
0	8	21	185	8747
0	8	21	547	1396
0	8	22	183	7265
0	8	22	956	9670
0	8	22	439	997
0	8	22	751	8189
0	8	23	177	5743
0	8	23	633	7884
0	8	23	686	4017
0	8	24	898	1281
0	8	24	561	3439
0	8	24	513	2725
0	8	24	153	4514
0	8	24	162	8594
0	8	25	763	6426
0	8	25	641	6988
0	8	25	145	2216
0	8	25	247	4513
0	8	26	640	2135
0	8	26	430	6132
0	8	26	831	4323
0	8	26	789	4628
0	8	26	975	4976
0	8	26	489	3121
0	8	26	390	163
0	8	26	927	7828
0	8	26	21	6757
0	8	27	191	8251
0	8	27	759	8505
0	8	27	746	5777
0	8	27	507	4934
0	8	27	675	4782
0	8	27	573	4991
0	8	27	136	5283
0	8	27	441	9691
0	8	27	598	1100
0	8	27	292	4517
0	8	28	827	9515
0	8	28	666	3889
0	8	28	952	2718
0	8	28	117	9685
0	8	28	82	1526
0	8	28	212	4851
0	8	28	749	4304
0	8	29	672	3408
0	8	29	701	2029
0	8	29	533	4321
0	8	29	409	3799
0	8	29	595	1914
0	8	3	383	2052
0	8	3	661	6709
0	8	3	876	9016
0	8	3	374	6539
0	8	3	716	2734
0	8	30	413	8055
0	8	30	51	7590
0	8	30	506	6137
0	8	30	959	3295
0	8	31	959	2538
0	8	31	548	495
0	8	31	316	8406
0	8	31	34	3063
0	8	31	506	1179
0	8	31	2	6770
0	8	31	822	9004
0	8	31	446	3253
0	8	31	861	4482
0	8	31	64	2402
0	8	32	674	3258
0	8	32	649	7877
0	8	32	507	203
0	8	32	20	6430
0	8	32	333	4778
0	8	32	340	4400
0	8	32	297	5250
0	8	32	386	3345
0	8	32	536	4648
0	8	33	858	7737
0	8	33	95	944
0	8	33	529	390
0	8	34	662	118
0	8	34	816	5807
0	8	34	478	5939
0	8	34	639	2505
0	8	34	480	6519
0	8	34	110	6755
0	8	34	899	2769
0	8	35	904	2512
0	8	35	14	1054
0	8	35	348	9684
0	8	36	392	7404
0	8	36	837	3830
0	8	36	484	2494
0	8	36	62	4227
0	8	37	330	3634
0	8	37	377	4020
0	8	37	77	4450
0	8	37	905	4589
0	8	37	191	9307
0	8	37	969	9338
0	8	37	190	3358
0	8	38	683	4041
0	8	38	522	9918
0	8	38	108	2569
0	8	38	614	5112
0	8	38	77	6173
0	8	38	148	8827
0	8	38	34	68
0	8	39	347	6176
0	8	39	130	8173
0	8	39	396	2503
0	8	39	754	2948
0	8	39	605	8405
0	8	39	169	7708
0	8	4	470	1325
0	8	4	488	3444
0	8	4	190	7603
0	8	4	24	2061
0	8	40	452	8641
0	8	40	402	5171
0	8	40	849	2764
0	8	40	349	4987
0	8	40	394	1341
0	8	41	677	108
0	8	41	231	7104
0	8	41	351	4262
0	8	41	754	4774
0	8	41	608	6335
0	8	41	722	4962
0	8	42	828	8040
0	8	42	398	8442
0	8	42	250	1196
0	8	43	626	6712
0	8	43	563	9581
0	8	43	458	6026
0	8	43	364	7567
0	8	44	9	8845
0	8	44	334	9590
0	8	44	112	6110
0	8	44	535	1423
0	8	44	788	6886
0	8	45	605	3862
0	8	45	385	8242
0	8	45	12	6937
0	8	45	754	5740
0	8	45	416	2305
0	8	46	724	1711
0	8	46	519	4003
0	8	46	864	4518
0	8	47	75	2062
0	8	47	879	9651
0	8	47	187	3343
0	8	47	231	9100
0	8	47	820	7643
0	8	47	529	6822
0	8	47	861	4639
0	8	47	119	965
0	8	48	312	4022
0	8	48	219	6940
0	8	49	844	7757
0	8	49	276	8921
0	8	49	721	6695
0	8	49	447	8529
0	8	5	814	1771
0	8	5	247	8041
0	8	5	742	6057
0	8	50	30	2135
0	8	50	897	7635
0	8	51	829	5687
0	8	51	671	8034
0	8	51	695	4798
0	8	51	523	707
0	8	51	210	5422
0	8	52	990	5979
0	8	52	578	638
0	8	52	295	9655
0	8	52	744	3768
0	8	53	379	5095
0	8	53	628	4676
0	8	53	886	1674
0	8	53	275	1553
0	8	53	191	8039
0	8	53	139	3320
0	8	53	1	8701
0	8	53	837	5653
0	8	54	723	4989
0	8	54	601	4920
0	8	54	52	8369
0	8	54	385	7842
0	8	54	917	1113
0	8	54	590	9842
0	8	54	462	6821
0	8	54	515	5138
0	8	54	335	5092
0	8	54	643	3467
0	8	55	931	1879
0	8	55	404	5376
0	8	55	394	3253
0	8	55	815	7390
0	8	55	484	2329
0	8	55	441	6925
0	8	55	46	5917
0	8	55	350	5597
0	8	55	922	6783
0	8	55	72	88
0	8	56	789	2756
0	8	56	335	8424
0	8	56	101	328
0	8	56	156	437
0	8	57	305	2551
0	8	57	520	8331
0	8	57	637	7725
0	8	57	684	6297
0	8	57	722	8367
0	8	57	896	414
0	8	57	974	7150
0	8	57	755	7083
0	8	57	327	3164
0	8	57	161	7791
0	8	58	943	7860
0	8	58	245	1986
0	8	59	348	5270
0	8	59	351	8995
0	8	59	60	7528
0	8	59	621	9065
0	8	6	493	1666
0	8	6	18	3992
0	8	6	38	3825
0	8	6	43	8345
0	8	6	438	9432
0	8	60	857	9852
0	8	60	979	8915
0	8	60	875	9337
0	8	60	164	6301
0	8	60	255	8906
0	8	60	682	9165
0	8	60	856	4046
0	8	60	366	8606
0	8	61	45	51
0	8	61	106	831
0	8	61	423	338
0	8	61	337	5000
0	8	61	47	3943
0	8	61	962	732
0	8	61	445	453
0	8	62	874	4967
0	8	62	700	6279
0	8	62	729	6887
0	8	62	623	90
0	8	63	340	9357
0	8	63	672	8445
0	8	63	176	7446
0	8	63	94	6599
0	8	63	886	4980
0	8	63	863	1410
0	8	63	536	6524
0	8	63	204	6984
0	8	64	801	5417
0	8	64	657	4401
0	8	64	801	5665
0	8	64	50	6437
0	8	64	430	6223
0	8	64	321	1054
0	8	65	972	3968
0	8	65	269	782
0	8	65	924	7424
0	8	66	152	8828
0	8	66	286	8415
0	8	66	766	8168
0	8	66	187	6006
0	8	66	160	6591
0	8	66	389	2181
0	8	66	254	2895
0	8	66	33	7032
0	8	67	175	8431
0	8	67	601	3184
0	8	67	810	7656
0	8	67	389	737
0	8	67	887	7105
0	8	68	100	8099
0	8	68	670	875
0	8	68	23	9700
0	8	69	851	5262
0	8	69	942	349
0	8	69	901	1494
0	8	69	674	919
0	8	69	967	6628
0	8	69	990	8393
0	8	69	844	6426
0	8	69	799	7722
0	8	69	854	9222
0	8	69	776	6688
0	8	7	231	8918
0	8	7	891	2378
0	8	7	453	5925
0	8	7	414	3010
0	8	7	610	2419
0	8	70	240	1387
0	8	70	432	9118
0	8	70	678	109
0	8	70	605	3634
0	8	70	735	5632
0	8	70	127	3843
0	8	70	755	4785
0	8	70	87	6254
0	8	71	359	6385
0	8	71	550	5083
0	8	71	970	2884
0	8	71	82	3303
0	8	71	363	9470
0	8	71	727	8896
0	8	72	764	1067
0	8	72	863	9219
0	8	72	544	202
0	8	72	358	931
0	8	72	367	6195
0	8	72	277	908
0	8	72	387	3011
0	8	73	343	4336
0	8	73	626	5445
0	8	73	434	4928
0	8	73	99	1402
0	8	73	949	4656
0	8	73	524	2670
0	8	73	668	8526
0	8	73	900	8781
0	8	74	280	8268
0	8	74	446	5583
0	8	75	463	5739
0	8	75	182	7460
0	8	75	120	4715
0	8	75	470	602
0	8	75	688	2913
0	8	75	419	3775
0	8	76	731	4836
0	8	76	481	5516
0	8	76	283	3218
0	8	76	106	7176
0	8	76	899	7831
0	8	76	787	2620
0	8	76	968	28
0	8	77	158	8561
0	8	77	989	8625
0	8	77	935	4686
0	8	77	857	2155
0	8	77	306	3746
0	8	77	475	1209
0	8	77	47	9004
0	8	77	64	7164
0	8	77	695	49
0	8	78	536	436
0	8	78	180	9415
0	8	78	977	1039
0	8	78	454	8984
0	8	79	631	9009
0	8	79	669	548
0	8	79	128	5761
0	8	79	511	2194
0	8	79	33	2614
0	8	79	126	1910
0	8	8	321	1297
0	8	8	733	485
0	8	8	927	9260
0	8	8	55	5655
0	8	8	105	7662
0	8	8	819	6671
0	8	8	415	3166
0	8	80	34	5246
0	8	80	706	1264
0	8	80	158	2142
0	8	80	27	5445
0	8	80	997	7124
0	8	80	194	4549
0	8	80	0	935
0	8	81	413	9236
0	8	81	556	6053
0	8	81	321	5552
0	8	81	854	9565
0	8	81	549	4515
0	8	82	203	8065
0	8	82	748	7282
0	8	82	876	4219
0	8	82	349	5669
0	8	82	722	6503
0	8	82	566	550
0	8	82	109	6711
0	8	82	277	50
0	8	82	466	4415
0	8	83	382	763
0	8	83	524	7748
0	8	83	453	2424
0	8	83	297	7002
0	8	83	731	3998
0	8	83	187	371
0	8	83	607	3746
0	8	83	621	4048
0	8	84	221	5447
0	8	84	864	3344
0	8	84	95	4961
0	8	84	656	6694
0	8	84	54	6511
0	8	84	808	9453
0	8	85	862	4465
0	8	86	805	1353
0	8	86	273	7872
0	8	86	2	5012
0	8	86	267	7242
0	8	86	464	9085
0	8	86	789	4228
0	8	87	332	5617
0	8	87	264	5393
0	8	87	444	7179
0	8	87	461	1722
0	8	87	195	5266
0	8	88	469	3835
0	8	88	227	3005
0	8	88	173	7228
0	8	88	783	2876
0	8	88	558	7296
0	8	88	235	6404
0	8	89	792	7550
0	8	89	131	1640
0	8	89	555	2524
0	8	89	142	1080
0	8	89	741	8024
0	8	89	823	722
0	8	89	149	8819
0	8	89	309	3193
0	8	9	479	3526
0	8	9	892	7453
0	8	9	947	3608
0	8	9	165	3725
0	8	9	702	4799
0	8	9	861	5353
0	8	90	735	2467
0	8	90	598	8785
0	8	90	148	6791
0	8	90	36	3027
0	8	90	57	5507
0	8	90	501	7564
0	8	90	814	3415
0	8	91	996	1045
0	8	91	29	2558
0	8	91	518	1876
0	8	91	67	1830
0	8	91	529	711
0	8	91	303	200
0	8	91	0	7123
0	8	91	314	770
0	8	91	572	9073
0	8	91	822	1695
0	8	92	371	950
0	8	92	738	343
0	8	92	778	9901
0	8	92	978	3178
0	8	92	530	9444
0	8	92	769	8964
0	8	93	189	1914
0	8	93	245	2812
0	8	93	754	6807
0	8	93	677	2955
0	8	93	303	7485
0	8	94	752	7134
0	8	94	842	5755
0	8	94	9	9369
0	8	95	398	7801
0	8	95	731	3879
0	8	95	841	779
0	8	95	609	7899
0	8	95	479	77
0	8	95	916	7243
0	8	95	258	784
0	8	95	624	6615
0	8	96	905	1442
0	8	96	355	9078
0	8	96	630	8974
0	8	96	282	3088
0	8	96	625	3083
0	8	96	116	3975
0	8	96	711	8282
0	8	97	399	419
0	8	97	708	9823
0	8	97	650	4451
0	8	97	107	6891
0	8	97	689	6399
0	8	97	418	5101
0	8	97	977	607
0	8	98	73	9030
0	8	98	27	8268
0	8	98	318	2301
