0	1	0	425	7793
0	1	0	978	5262
0	1	0	916	6332
0	1	0	775	6406
0	1	1	89	1651
0	1	1	965	6194
0	1	1	909	7599
0	1	1	670	5126
0	1	1	842	9447
0	1	1	436	7929
0	1	1	219	775
0	1	1	853	796
0	1	1	211	5406
0	1	1	239	8535
0	1	10	709	8836
0	1	10	559	2471
0	1	10	560	8218
0	1	10	645	4728
0	1	10	304	2287
0	1	10	105	138
0	1	10	657	154
0	1	10	201	8841
0	1	11	409	3279
0	1	11	126	9769
0	1	11	141	1133
0	1	11	245	1762
0	1	11	901	1789
0	1	12	118	4204
0	1	12	564	9252
0	1	12	770	8705
0	1	12	571	5725
0	1	12	921	8456
0	1	12	931	1678
0	1	13	885	9989
0	1	13	408	5924
0	1	13	304	9314
0	1	14	686	7520
0	1	14	760	3926
0	1	14	237	3802
0	1	14	476	4606
0	1	15	412	223
0	1	15	106	3164
0	1	15	740	2499
0	1	15	426	6358
0	1	15	184	3774
0	1	16	303	7022
0	1	16	752	6894
0	1	16	334	421
0	1	16	853	7124
0	1	16	110	5449
0	1	16	314	492
0	1	17	19	4062
0	1	17	491	4772
0	1	17	512	5877
0	1	17	164	2669
0	1	17	635	5256
0	1	17	423	8936
0	1	17	439	9588
0	1	18	343	3546
0	1	18	381	9063
0	1	18	308	3117
0	1	19	289	1423
0	1	19	676	6586
0	1	19	698	7549
0	1	19	742	9743
0	1	20	168	2728
0	1	20	572	7167
0	1	20	301	711
0	1	20	118	6459
0	1	21	163	7545
0	1	21	855	6023
0	1	21	439	4727
0	1	21	69	4259
0	1	21	590	5835
0	1	21	224	7588
0	1	22	104	835
0	1	22	431	2950
0	1	22	754	4168
0	1	22	771	8671
0	1	22	612	7610
0	1	23	569	2363
0	1	23	51	9376
0	1	23	48	8768
0	1	23	969	8184
0	1	24	260	1269
0	1	24	987	497
0	1	24	930	516
0	1	24	168	5023
0	1	25	411	6608
0	1	25	478	8635
0	1	25	59	4457
0	1	25	821	8413
0	1	25	332	4363
0	1	25	740	4027
0	1	25	391	8052
0	1	26	778	228
0	1	26	811	4232
0	1	26	144	4529
0	1	26	288	4083
0	1	27	896	2930
0	1	27	786	1898
0	1	27	602	4346
0	1	27	148	5627
0	1	27	685	3298
0	1	28	137	479
0	1	28	787	7391
0	1	28	932	8089
0	1	28	356	1428
0	1	29	478	756
0	1	29	233	4662
0	1	3	717	8975
0	1	3	136	5976
0	1	3	417	4389
0	1	3	426	9076
0	1	3	334	7303
0	1	3	748	9615
0	1	30	188	2009
0	1	30	184	8334
0	1	30	503	5593
0	1	31	425	1115
0	1	31	734	2009
0	1	31	131	7202
0	1	31	92	1072
0	1	31	220	8989
0	1	31	985	4229
0	1	31	169	7783
0	1	32	431	2351
0	1	32	953	8181
0	1	32	11	7928
0	1	32	641	3233
0	1	32	882	3322
0	1	32	582	4984
0	1	32	667	1931
0	1	33	182	6091
0	1	34	357	1072
0	1	34	827	9006
0	1	34	102	7463
0	1	34	214	6453
0	1	34	741	2963
0	1	34	547	5741
0	1	35	85	8251
0	1	35	977	8619
0	1	35	852	7046
0	1	35	787	8310
0	1	35	617	820
0	1	36	321	5950
0	1	36	633	3253
0	1	36	239	4504
0	1	36	259	2356
0	1	36	236	894
0	1	36	659	1776
0	1	36	808	635
0	1	36	588	2322
0	1	36	78	6067
0	1	37	935	9580
0	1	37	319	6100
0	1	37	425	4360
0	1	37	262	7952
0	1	37	612	5615
0	1	38	615	698
0	1	38	970	300
0	1	38	173	9354
0	1	38	788	7675
0	1	38	545	1818
0	1	38	775	5511
0	1	38	609	7774
0	1	38	224	7550
0	1	38	11	2206
0	1	38	471	7082
0	1	39	118	6974
0	1	39	14	9810
0	1	4	412	4178
0	1	4	399	8263
0	1	4	585	7432
0	1	4	802	9908
0	1	4	643	9275
0	1	4	793	6559
0	1	4	366	6174
0	1	4	405	6470
0	1	4	882	561
0	1	40	133	984
0	1	40	510	7270
0	1	40	179	6945
0	1	40	697	6410
0	1	40	301	9336
0	1	40	543	4899
0	1	41	259	9357
0	1	41	251	4401
0	1	41	499	7253
0	1	41	707	3551
0	1	41	427	7505
0	1	41	184	9249
0	1	41	562	9719
0	1	42	108	1363
0	1	42	482	549
0	1	42	170	3126
0	1	42	278	5759
0	1	42	139	2259
0	1	43	817	8292
0	1	43	80	4385
0	1	43	251	7055
0	1	43	169	7641
0	1	43	141	469
0	1	44	694	8386
0	1	44	582	2086
0	1	44	338	2103
0	1	44	579	6295
0	1	44	977	1188
0	1	44	792	5619
0	1	44	572	4927
0	1	44	57	6564
0	1	44	138	3905
0	1	44	380	1429
0	1	44	33	1926
0	1	45	172	8816
0	1	45	882	2857
0	1	45	122	3674
0	1	45	899	1220
0	1	45	209	8125
0	1	45	728	3574
0	1	45	849	1846
0	1	45	456	6059
0	1	45	728	3084
0	1	46	96	4960
0	1	46	281	6832
0	1	46	474	286
0	1	46	785	8213
0	1	46	233	3741
0	1	47	320	6302
0	1	47	988	6054
0	1	47	990	4329
0	1	47	442	1146
0	1	48	485	1968
0	1	48	846	7394
0	1	48	824	7297
0	1	48	371	6232
0	1	48	196	3400
0	1	48	883	2871
0	1	48	799	4157
0	1	48	745	877
0	1	48	868	2072
0	1	48	988	1950
0	1	48	736	8754
0	1	49	218	3337
0	1	49	417	4994
0	1	49	629	5639
0	1	49	22	2907
0	1	49	286	1502
0	1	49	843	6918
0	1	5	837	3746
0	1	5	68	8614
0	1	5	469	8545
0	1	5	811	9440
0	1	5	80	4082
0	1	50	259	1201
0	1	50	790	3062
0	1	50	634	8111
0	1	50	847	1116
0	1	50	899	3605
0	1	50	812	2334
0	1	50	779	9369
0	1	51	539	6364
0	1	51	646	5562
0	1	51	283	7371
0	1	52	779	8695
0	1	52	519	1131
0	1	52	222	9730
0	1	52	633	1731
0	1	52	491	3899
0	1	53	465	3287
0	1	53	163	5611
0	1	53	143	6494
0	1	53	825	240
0	1	53	782	6307
0	1	53	312	9486
0	1	53	369	9539
0	1	53	596	8921
0	1	53	787	5508
0	1	53	231	7939
0	1	53	750	6353
0	1	53	290	5111
0	1	54	374	6078
0	1	54	489	9106
0	1	54	861	8838
0	1	54	396	7044
0	1	54	413	2295
0	1	54	552	1360
0	1	54	474	9644
0	1	55	569	9280
0	1	55	783	7155
0	1	55	241	2073
0	1	56	836	2219
0	1	56	195	1433
0	1	56	761	1381
0	1	56	688	8936
0	1	56	445	4662
0	1	56	690	2356
0	1	56	685	6838
0	1	56	921	5584
0	1	57	410	4424
0	1	57	49	401
0	1	57	697	1919
0	1	57	210	517
0	1	58	164	2208
0	1	58	137	4953
0	1	58	805	4725
0	1	58	17	7267
0	1	58	76	7365
0	1	58	959	2754
0	1	59	37	2647
0	1	59	485	1077
0	1	59	820	8682
0	1	59	690	725
0	1	59	677	4934
0	1	59	252	9356
0	1	6	876	5278
0	1	6	54	5165
0	1	6	270	3533
0	1	6	329	2598
0	1	6	853	6544
0	1	6	784	9982
0	1	6	14	4356
0	1	6	872	3550
0	1	6	851	9888
0	1	60	636	2168
0	1	60	856	5340
0	1	60	610	7847
0	1	61	479	8491
0	1	61	368	7172
0	1	61	522	9668
0	1	61	936	5479
0	1	61	817	531
0	1	61	427	7912
0	1	61	158	7521
0	1	61	911	8588
0	1	62	782	5934
0	1	62	931	9264
0	1	62	737	6188
0	1	62	578	4912
0	1	63	116	5755
0	1	63	269	7338
0	1	63	536	1502
0	1	63	627	65
0	1	63	83	9204
0	1	63	991	3153
0	1	63	250	3605
0	1	63	60	244
0	1	63	525	7117
0	1	64	7	7945
0	1	64	728	2610
0	1	64	88	7178
0	1	64	871	9012
0	1	64	671	8866
0	1	64	119	9329
0	1	65	69	9474
0	1	65	791	8188
0	1	65	882	3924
0	1	65	317	4624
0	1	65	624	1804
0	1	65	764	3776
0	1	66	666	4992
0	1	66	790	1391
0	1	66	403	9874
0	1	66	693	884
0	1	66	608	1813
0	1	66	214	5270
0	1	66	119	1149
0	1	66	778	6128
0	1	67	706	2917
0	1	67	821	9627
0	1	67	454	2611
0	1	67	858	3993
0	1	67	203	6646
0	1	67	936	3462
0	1	67	896	7784
0	1	68	271	7881
0	1	68	574	5351
0	1	68	893	1051
0	1	68	445	5426
0	1	68	909	3408
0	1	68	164	2536
0	1	68	985	7760
0	1	69	714	8773
0	1	69	479	6711
0	1	69	831	3558
0	1	69	128	3572
0	1	69	227	201
0	1	7	119	5525
0	1	7	399	8122
0	1	7	742	7630
0	1	7	931	2048
0	1	7	714	1771
0	1	7	112	5750
0	1	7	952	283
0	1	7	283	8579
0	1	70	133	2609
0	1	70	701	6295
0	1	70	241	4526
0	1	70	934	9783
0	1	70	784	3917
0	1	70	455	3745
0	1	70	387	1435
0	1	71	898	2749
0	1	71	935	3023
0	1	71	476	5894
0	1	72	790	9722
0	1	72	409	4494
0	1	72	161	1805
0	1	72	361	8803
0	1	72	489	9183
0	1	72	68	9365
0	1	73	664	3964
0	1	73	618	8507
0	1	73	734	1703
0	1	73	997	3131
0	1	73	211	5616
0	1	74	32	6768
0	1	74	242	5330
0	1	74	487	8104
0	1	74	684	9951
0	1	75	664	5483
0	1	75	407	8877
0	1	75	933	9778
0	1	75	932	5787
0	1	75	856	5722
0	1	76	798	1049
0	1	76	622	7755
0	1	76	788	5435
0	1	76	248	9007
0	1	76	587	9045
0	1	76	445	5509
0	1	76	259	7377
0	1	76	73	6955
0	1	76	106	1557
0	1	76	415	2141
0	1	76	480	2652
0	1	76	62	5240
0	1	77	788	7373
0	1	77	64	4516
0	1	77	897	7822
0	1	77	748	5349
0	1	77	104	1550
0	1	77	658	1382
0	1	78	835	9524
0	1	78	400	6283
0	1	78	143	1244
0	1	78	179	7499
0	1	79	100	2801
0	1	79	587	2140
0	1	79	893	698
0	1	79	960	2770
0	1	79	490	8226
0	1	79	365	5750
0	1	79	850	4106
0	1	8	7	6482
0	1	8	679	9007
0	1	8	467	4038
0	1	8	148	6472
0	1	8	365	4201
0	1	8	336	3640
0	1	8	724	4169
0	1	8	223	7035
0	1	8	304	1431
0	1	80	426	4510
0	1	80	778	1022
0	1	80	222	6115
0	1	80	335	5026
0	1	80	52	6006
0	1	80	889	2798
0	1	80	672	3379
0	1	81	44	2426
0	1	81	801	3247
0	1	81	916	7577
0	1	81	383	129
0	1	81	325	3141
0	1	82	497	5939
0	1	82	215	6920
0	1	82	419	3551
0	1	82	622	3571
0	1	82	758	7178
0	1	82	782	4307
0	1	82	353	7518
0	1	82	303	5062
0	1	82	890	6977
0	1	83	931	8253
0	1	83	130	9281
0	1	83	796	1806
0	1	84	193	528
0	1	84	693	3791
0	1	84	128	9008
0	1	84	307	4472
0	1	84	140	1301
0	1	85	344	8812
0	1	85	843	1345
0	1	85	84	5082
0	1	85	993	5213
0	1	85	821	864
0	1	85	994	4212
0	1	86	556	1441
0	1	87	803	9471
0	1	87	163	4074
0	1	87	845	6826
0	1	87	732	3981
0	1	88	361	7192
0	1	88	649	3226
0	1	88	566	1141
0	1	88	151	8655
0	1	88	344	2388
0	1	88	517	9505
0	1	89	659	2527
0	1	89	494	4206
0	1	89	956	8483
0	1	89	478	7573
0	1	89	85	7682
0	1	9	583	2106
0	1	9	647	4303
0	1	9	726	3769
0	1	9	884	1961
0	1	9	855	9878
0	1	9	924	1474
0	1	90	404	3077
0	1	90	499	1480
0	1	90	200	4374
0	1	90	495	3055
0	1	90	482	257
0	1	90	83	9501
0	1	91	652	8373
0	1	91	600	8879
0	1	91	103	2136
0	1	91	336	7643
0	1	91	818	5616
0	1	91	291	9626
0	1	93	813	5881
0	1	93	815	4635
0	1	93	574	9747
0	1	93	870	1820
0	1	93	917	8000
0	1	93	295	4937
0	1	93	32	582
0	1	93	798	1911
0	1	94	479	8168
0	1	94	232	852
0	1	94	979	5837
0	1	94	810	8308
0	1	94	935	2085
0	1	95	181	2397
0	1	95	552	3893
0	1	95	952	8483
0	1	95	374	5669
0	1	95	35	5900
0	1	95	905	9819
0	1	95	600	5975
0	1	96	463	3522
0	1	96	643	6796
0	1	96	936	1121
0	1	96	497	983
0	1	96	163	673
0	1	96	925	541
0	1	96	663	1086
0	1	97	797	6680
0	1	97	820	297
0	1	97	119	329
0	1	98	372	41
0	1	98	554	6462
0	1	98	39	1329
0	1	98	820	3570
0	1	98	487	9796
0	1	98	861	883
0	1	98	953	712
0	1	98	938	5529
0	1	98	7	4375
