0	5	0	779	8356
0	5	0	815	3979
0	5	0	0	7404
0	5	0	429	6515
0	5	0	30	2891
0	5	0	517	8219
0	5	0	461	8465
0	5	0	392	9928
0	5	0	723	9701
0	5	1	689	8519
0	5	1	840	4137
0	5	1	512	666
0	5	1	865	2682
0	5	1	189	8306
0	5	1	639	827
0	5	1	62	5296
0	5	10	675	4042
0	5	10	136	1094
0	5	11	100	4574
0	5	11	659	5763
0	5	11	917	9455
0	5	11	823	2359
0	5	11	407	2642
0	5	11	451	9028
0	5	12	631	7867
0	5	12	738	2136
0	5	12	933	88
0	5	12	33	3789
0	5	13	382	4056
0	5	13	766	1818
0	5	13	741	9530
0	5	13	329	4186
0	5	13	153	3424
0	5	13	14	1090
0	5	14	718	2378
0	5	14	448	7140
0	5	14	788	9332
0	5	14	873	5309
0	5	14	906	4782
0	5	15	926	1043
0	5	15	416	9172
0	5	15	496	2233
0	5	15	156	1054
0	5	15	210	9435
0	5	15	960	2279
0	5	15	112	8527
0	5	15	217	9618
0	5	15	828	1798
0	5	16	279	9627
0	5	16	463	4294
0	5	16	760	3876
0	5	16	231	9470
0	5	16	895	8562
0	5	17	581	7164
0	5	17	626	4968
0	5	17	987	3368
0	5	17	43	9496
0	5	17	265	7512
0	5	17	760	1111
0	5	18	266	3468
0	5	18	676	9748
0	5	18	268	7512
0	5	18	653	9865
0	5	18	736	5423
0	5	18	720	642
0	5	19	878	2383
0	5	19	853	1906
0	5	19	60	8475
0	5	19	772	958
0	5	2	465	3103
0	5	2	531	6004
0	5	2	829	1429
0	5	2	433	6822
0	5	2	199	3837
0	5	2	953	2271
0	5	20	385	7529
0	5	20	228	4335
0	5	20	51	6880
0	5	20	617	2452
0	5	20	144	655
0	5	21	950	8089
0	5	21	183	8436
0	5	21	827	5234
0	5	21	274	7002
0	5	21	96	9956
0	5	21	884	130
0	5	21	682	5258
0	5	21	267	5178
0	5	22	933	2349
0	5	22	816	9660
0	5	22	874	7222
0	5	22	929	3502
0	5	22	170	4017
0	5	23	371	2563
0	5	23	540	1569
0	5	23	477	7404
0	5	23	662	2639
0	5	24	664	2207
0	5	24	327	288
0	5	24	531	292
0	5	25	691	6010
0	5	25	797	197
0	5	25	158	5437
0	5	25	873	1981
0	5	26	33	3564
0	5	26	921	4789
0	5	26	45	277
0	5	26	589	2351
0	5	26	637	1508
0	5	26	763	3442
0	5	27	726	897
0	5	27	182	8724
0	5	27	772	8793
0	5	27	143	1976
0	5	28	595	2979
0	5	28	409	4435
0	5	28	112	8759
0	5	28	298	125
0	5	29	869	2647
0	5	29	615	6928
0	5	3	442	922
0	5	30	105	999
0	5	30	840	4831
0	5	30	994	5417
0	5	30	944	8404
0	5	30	364	4773
0	5	30	995	969
0	5	30	109	313
0	5	30	569	3198
0	5	31	348	5847
0	5	31	272	7429
0	5	31	273	5569
0	5	31	729	7756
0	5	32	143	6022
0	5	32	928	8786
0	5	32	751	2631
0	5	32	667	1140
0	5	32	257	4445
0	5	32	362	3642
0	5	32	791	7823
0	5	33	293	1858
0	5	33	615	4624
0	5	33	815	6277
0	5	33	602	6237
0	5	33	250	8740
0	5	33	44	4648
0	5	34	498	6903
0	5	34	590	7284
0	5	34	308	4540
0	5	34	289	9264
0	5	34	224	9834
0	5	34	171	1474
0	5	35	512	5254
0	5	35	354	7031
0	5	35	466	2862
0	5	36	780	3805
0	5	36	71	541
0	5	36	926	3404
0	5	36	542	5825
0	5	36	682	4113
0	5	36	468	4514
0	5	36	490	6994
0	5	36	448	2682
0	5	36	77	172
0	5	36	995	8516
0	5	36	831	5997
0	5	36	94	5926
0	5	37	984	8908
0	5	37	276	6585
0	5	37	979	9244
0	5	38	333	2720
0	5	38	686	3771
0	5	38	854	44
0	5	38	693	4478
0	5	38	709	9961
0	5	38	234	8045
0	5	39	835	7482
0	5	39	159	3171
0	5	39	414	7251
0	5	39	860	2566
0	5	39	430	1815
0	5	39	786	2235
0	5	4	95	2588
0	5	4	467	5889
0	5	4	69	3615
0	5	4	271	347
0	5	4	796	7790
0	5	4	810	8571
0	5	4	778	6077
0	5	4	9	9275
0	5	4	615	7132
0	5	4	232	352
0	5	40	302	4194
0	5	40	254	1309
0	5	40	507	2954
0	5	41	866	4397
0	5	41	162	1013
0	5	41	918	6233
0	5	41	689	799
0	5	41	467	4840
0	5	41	250	7684
0	5	41	524	582
0	5	42	906	6575
0	5	42	466	1169
0	5	42	226	5195
0	5	42	413	2493
0	5	43	315	8931
0	5	43	567	135
0	5	43	803	8728
0	5	43	313	4869
0	5	43	383	2446
0	5	43	52	3913
0	5	44	232	6773
0	5	44	626	1644
0	5	44	391	6072
0	5	44	500	946
0	5	44	398	3664
0	5	44	631	1968
0	5	44	591	9330
0	5	45	276	8293
0	5	45	275	7976
0	5	45	345	8023
0	5	46	266	4295
0	5	46	297	5341
0	5	46	258	6743
0	5	46	456	8766
0	5	46	372	9973
0	5	46	423	581
0	5	46	881	3394
0	5	47	568	6524
0	5	47	725	8102
0	5	47	983	4848
0	5	47	486	7231
0	5	47	557	8050
0	5	47	415	3627
0	5	48	30	2154
0	5	48	853	6379
0	5	48	732	3535
0	5	49	809	7523
0	5	49	484	6486
0	5	49	641	6170
0	5	49	437	2996
0	5	49	690	3087
0	5	49	149	4149
0	5	49	630	1927
0	5	5	472	2700
0	5	5	17	6355
0	5	5	131	9824
0	5	5	874	6887
0	5	5	70	2337
0	5	5	511	1595
0	5	5	131	5821
0	5	50	338	4956
0	5	50	527	4851
0	5	50	265	7850
0	5	50	197	4135
0	5	51	153	8152
0	5	51	87	1278
0	5	51	778	832
0	5	51	832	5694
0	5	52	258	6830
0	5	52	240	6338
0	5	53	59	5120
0	5	53	633	8759
0	5	53	927	8156
0	5	53	222	4625
0	5	53	692	6752
0	5	53	805	7952
0	5	53	663	5054
0	5	53	445	7894
0	5	54	566	9829
0	5	54	961	1634
0	5	54	91	9654
0	5	54	452	7362
0	5	54	90	3534
0	5	54	524	6444
0	5	54	622	1186
0	5	54	933	5537
0	5	55	555	3511
0	5	55	337	1152
0	5	55	15	3906
0	5	55	627	2879
0	5	55	777	6047
0	5	55	271	2581
0	5	55	258	6165
0	5	56	345	6967
0	5	56	48	8715
0	5	56	424	726
0	5	56	180	666
0	5	56	893	949
0	5	56	145	7685
0	5	56	121	3976
0	5	56	531	1730
0	5	57	530	2864
0	5	57	503	6760
0	5	57	268	3020
0	5	57	562	4533
0	5	57	654	27
0	5	58	518	3190
0	5	58	660	7337
0	5	58	337	6210
0	5	58	771	3806
0	5	58	177	9791
0	5	59	656	2936
0	5	59	74	7918
0	5	59	822	5582
0	5	59	354	8794
0	5	6	696	6309
0	5	6	525	6095
0	5	6	361	6009
0	5	6	311	6052
0	5	6	348	7833
0	5	60	298	7094
0	5	60	253	2277
0	5	60	317	7362
0	5	61	234	2535
0	5	61	34	5233
0	5	61	516	3605
0	5	61	548	8408
0	5	62	685	4689
0	5	62	620	9307
0	5	62	116	8759
0	5	62	438	334
0	5	62	514	8487
0	5	62	23	1307
0	5	62	993	4641
0	5	63	282	4798
0	5	63	467	7186
0	5	63	559	9164
0	5	63	325	9760
0	5	63	701	2054
0	5	63	402	3614
0	5	63	383	1192
0	5	64	390	7753
0	5	64	411	9908
0	5	64	695	8786
0	5	64	926	7922
0	5	64	891	7409
0	5	65	392	5746
0	5	65	742	8921
0	5	65	920	4363
0	5	65	768	2490
0	5	65	516	7218
0	5	65	482	1497
0	5	66	382	797
0	5	66	723	9113
0	5	66	164	8985
0	5	66	190	2333
0	5	66	845	4530
0	5	66	347	8294
0	5	67	636	6287
0	5	67	952	8828
0	5	67	180	56
0	5	67	556	2096
0	5	67	369	8800
0	5	67	703	9311
0	5	68	593	4399
0	5	68	982	3294
0	5	68	48	8710
0	5	68	316	9221
0	5	69	96	3282
0	5	69	401	495
0	5	7	332	961
0	5	7	170	6956
0	5	7	26	1592
0	5	70	928	3190
0	5	70	61	9456
0	5	70	160	7304
0	5	70	536	2697
0	5	70	797	9125
0	5	70	406	2070
0	5	70	630	7048
0	5	71	483	4342
0	5	71	390	8918
0	5	71	142	8912
0	5	71	972	367
0	5	71	239	1307
0	5	72	89	8690
0	5	72	8	5258
0	5	72	473	6467
0	5	72	811	5262
0	5	72	498	1269
0	5	73	29	8581
0	5	73	556	9111
0	5	73	828	3232
0	5	73	434	7567
0	5	74	162	8816
0	5	74	430	7116
0	5	74	887	9716
0	5	74	623	2587
0	5	74	756	1733
0	5	74	922	3661
0	5	74	933	5402
0	5	75	738	2318
0	5	75	465	8115
0	5	75	80	3772
0	5	75	957	1530
0	5	75	864	1601
0	5	75	192	7581
0	5	75	220	7305
0	5	75	789	6703
0	5	75	262	3544
0	5	75	885	4523
0	5	75	563	2700
0	5	76	115	8982
0	5	76	252	8029
0	5	76	915	6366
0	5	77	784	6647
0	5	77	949	9124
0	5	78	184	8325
0	5	78	402	9170
0	5	78	783	9162
0	5	78	491	767
0	5	78	487	5693
0	5	79	150	6794
0	5	79	285	2751
0	5	79	572	9638
0	5	79	303	9643
0	5	79	735	6381
0	5	8	343	973
0	5	8	567	1211
0	5	8	219	1633
0	5	8	780	2580
0	5	8	417	9717
0	5	8	474	4936
0	5	80	909	7472
0	5	80	747	480
0	5	80	187	618
0	5	80	912	5354
0	5	80	645	134
0	5	81	571	8777
0	5	81	744	5293
0	5	81	388	2991
0	5	81	831	8530
0	5	81	82	7484
0	5	82	49	9561
0	5	82	531	2961
0	5	82	343	1323
0	5	82	324	7943
0	5	82	664	1813
0	5	82	680	9511
0	5	83	621	9601
0	5	83	457	7516
0	5	83	131	1669
0	5	83	998	7058
0	5	84	811	6705
0	5	84	179	3511
0	5	84	425	7393
0	5	84	914	558
0	5	85	331	5939
0	5	85	890	1227
0	5	85	650	766
0	5	85	148	4279
0	5	85	74	7292
0	5	86	942	6035
0	5	86	77	3513
0	5	86	536	5145
0	5	86	926	6064
0	5	87	257	8742
0	5	87	816	134
0	5	87	559	8029
0	5	87	82	472
0	5	87	474	1996
0	5	87	474	7979
0	5	87	858	45
0	5	88	255	478
0	5	88	189	3324
0	5	88	163	371
0	5	88	38	1522
0	5	88	644	5694
0	5	89	392	1167
0	5	89	91	225
0	5	89	382	3836
0	5	89	90	4952
0	5	89	705	9256
0	5	9	654	5010
0	5	9	176	5250
0	5	9	708	8419
0	5	9	353	8522
0	5	9	593	1536
0	5	9	321	6119
0	5	9	668	6635
0	5	90	321	5898
0	5	90	91	3055
0	5	90	247	7578
0	5	90	368	8368
0	5	90	157	8803
0	5	90	474	6482
0	5	90	431	9852
0	5	90	916	4088
0	5	91	193	9508
0	5	91	989	8075
0	5	91	849	11
0	5	92	172	9491
0	5	92	953	5616
0	5	92	356	147
0	5	92	250	4232
0	5	92	62	2562
0	5	93	922	2346
0	5	93	502	1284
0	5	93	116	1416
0	5	93	467	2539
0	5	93	700	3465
0	5	93	716	7806
0	5	93	259	4578
0	5	93	349	5992
0	5	93	986	7620
0	5	93	503	8841
0	5	94	579	7319
0	5	94	457	6571
0	5	94	526	5636
0	5	95	149	9682
0	5	95	594	223
0	5	95	46	7653
0	5	95	911	6753
0	5	95	703	260
0	5	95	458	8894
0	5	95	254	882
0	5	96	940	2191
0	5	96	47	2965
0	5	96	41	4470
0	5	97	607	8013
0	5	97	342	9677
0	5	97	313	9555
0	5	97	924	5534
0	5	97	846	1421
0	5	97	465	1024
0	5	97	491	6774
0	5	98	726	4038
0	5	98	994	1282
0	5	98	416	15
0	5	98	902	5019
