0	0	0	943	9448
0	0	0	491	3375
0	0	0	453	4046
0	0	0	96	3107
0	0	0	626	7583
0	0	0	180	7511
0	0	1	1	5625
0	0	1	534	1875
0	0	1	230	7466
0	0	1	808	4947
0	0	1	728	3273
0	0	10	387	7351
0	0	10	386	8754
0	0	10	111	4036
0	0	11	640	8965
0	0	11	102	7841
0	0	11	874	549
0	0	11	337	5976
0	0	11	317	7048
0	0	11	161	2287
0	0	11	11	6917
0	0	11	607	9191
0	0	12	624	7062
0	0	12	841	4697
0	0	12	718	2274
0	0	12	421	9818
0	0	13	228	1789
0	0	13	251	9936
0	0	13	834	586
0	0	13	700	5503
0	0	13	712	3510
0	0	13	930	8390
0	0	13	878	9938
0	0	14	95	1027
0	0	14	392	8945
0	0	14	146	5700
0	0	14	184	1335
0	0	14	645	5043
0	0	14	163	9203
0	0	15	534	1380
0	0	15	790	6253
0	0	15	389	554
0	0	15	517	2406
0	0	15	324	8625
0	0	15	678	5535
0	0	16	721	613
0	0	16	584	2723
0	0	16	190	7670
0	0	16	336	5746
0	0	16	900	4662
0	0	16	567	389
0	0	17	501	7048
0	0	18	25	961
0	0	18	935	4520
0	0	18	86	4606
0	0	19	114	6956
0	0	19	719	9119
0	0	19	954	5030
0	0	19	383	575
0	0	19	148	1917
0	0	2	9	4840
0	0	2	192	5321
0	0	2	20	538
0	0	2	448	5610
0	0	2	722	1456
0	0	20	507	9640
0	0	20	991	941
0	0	20	149	6948
0	0	20	603	1051
0	0	21	579	2942
0	0	21	934	4777
0	0	21	878	3292
0	0	21	799	573
0	0	21	560	2309
0	0	21	297	8159
0	0	21	687	1290
0	0	22	907	2242
0	0	23	97	3086
0	0	23	344	2940
0	0	24	254	110
0	0	24	137	3690
0	0	24	493	6205
0	0	25	938	1747
0	0	25	171	935
0	0	25	705	5781
0	0	25	822	981
0	0	26	966	1581
0	0	26	192	2026
0	0	26	255	7317
0	0	26	859	6766
0	0	26	561	2664
0	0	26	196	225
0	0	26	102	2962
0	0	27	295	7989
0	0	27	981	5168
0	0	27	932	4454
0	0	27	526	5808
0	0	27	189	6811
0	0	27	736	8248
0	0	27	68	3626
0	0	27	126	373
0	0	27	649	466
0	0	28	13	6691
0	0	28	974	8440
0	0	28	341	6154
0	0	28	551	7550
0	0	28	531	2733
0	0	29	824	5146
0	0	29	831	9994
0	0	29	717	1923
0	0	29	138	5591
0	0	29	530	7756
0	0	29	460	683
0	0	3	917	2701
0	0	3	23	9519
0	0	30	45	4046
0	0	30	122	7139
0	0	30	685	9410
0	0	30	116	4585
0	0	30	169	6124
0	0	30	904	1424
0	0	31	587	6988
0	0	31	389	1643
0	0	31	572	3357
0	0	31	838	1197
0	0	31	138	9962
0	0	31	939	4239
0	0	31	410	8242
0	0	31	553	5843
0	0	32	527	6236
0	0	32	728	8806
0	0	32	979	5541
0	0	32	330	5562
0	0	32	506	2720
0	0	32	661	9901
0	0	33	436	1595
0	0	33	904	3143
0	0	33	657	4794
0	0	34	731	6273
0	0	34	285	1158
0	0	35	559	8452
0	0	35	37	9742
0	0	35	262	1681
0	0	35	520	4210
0	0	35	441	6393
0	0	35	562	1935
0	0	35	246	3340
0	0	36	426	8061
0	0	36	973	1353
0	0	36	861	5709
0	0	36	821	3733
0	0	36	901	3445
0	0	36	822	543
0	0	36	411	1023
0	0	36	661	3416
0	0	36	394	6610
0	0	36	75	9457
0	0	37	964	5478
0	0	37	265	8493
0	0	37	526	5340
0	0	37	23	3327
0	0	37	319	2432
0	0	37	439	1236
0	0	37	967	7048
0	0	37	981	1812
0	0	37	644	6437
0	0	37	823	8436
0	0	38	796	6362
0	0	38	404	477
0	0	38	982	2802
0	0	38	511	1739
0	0	39	982	2448
0	0	4	767	3695
0	0	4	104	1283
0	0	4	145	8956
0	0	4	918	9548
0	0	4	783	73
0	0	4	31	8002
0	0	4	202	4368
0	0	4	436	1964
0	0	40	786	445
0	0	40	397	9466
0	0	40	821	2389
0	0	41	992	8472
0	0	41	972	3777
0	0	41	573	9059
0	0	41	862	9349
0	0	41	310	4145
0	0	41	578	3998
0	0	41	231	4696
0	0	41	445	7365
0	0	41	30	7152
0	0	41	893	7030
0	0	42	935	1205
0	0	42	258	4814
0	0	42	272	5721
0	0	42	762	1311
0	0	42	487	3980
0	0	42	107	1432
0	0	42	697	3472
0	0	42	222	8199
0	0	42	248	7786
0	0	43	499	623
0	0	43	267	4022
0	0	43	437	2092
0	0	43	537	1489
0	0	43	169	5576
0	0	43	74	1049
0	0	43	856	474
0	0	43	330	9363
0	0	44	886	8790
0	0	44	204	7785
0	0	44	138	3391
0	0	44	362	2364
0	0	44	213	8959
0	0	44	443	9550
0	0	44	838	3658
0	0	44	31	8275
0	0	44	292	4755
0	0	44	914	1219
0	0	45	650	8590
0	0	45	836	6706
0	0	45	219	2761
0	0	45	302	1184
0	0	45	165	2623
0	0	45	601	2957
0	0	45	976	759
0	0	46	611	3128
0	0	46	404	7226
0	0	46	439	8559
0	0	46	876	6080
0	0	46	167	3126
0	0	46	829	3994
0	0	47	159	7508
0	0	47	401	7749
0	0	47	202	3005
0	0	48	906	2487
0	0	48	811	7337
0	0	48	289	589
0	0	48	578	893
0	0	48	32	4523
0	0	48	179	6863
0	0	49	353	6549
0	0	49	304	877
0	0	49	228	350
0	0	49	329	9199
0	0	49	165	4438
0	0	49	967	714
0	0	49	90	2282
0	0	49	218	5069
0	0	49	854	6311
0	0	5	690	3170
0	0	5	539	3742
0	0	5	926	6966
0	0	5	851	2299
0	0	5	385	1194
0	0	5	421	9573
0	0	5	170	850
0	0	5	176	2488
0	0	50	451	8265
0	0	50	384	3919
0	0	50	416	3185
0	0	50	658	5628
0	0	50	77	8789
0	0	51	933	2618
0	0	51	820	5178
0	0	52	559	5598
0	0	52	561	8361
0	0	52	240	1515
0	0	52	662	4095
0	0	53	655	6152
0	0	53	80	5221
0	0	53	916	955
0	0	53	480	1006
0	0	53	726	3926
0	0	53	425	755
0	0	54	204	2343
0	0	54	446	1931
0	0	54	698	6058
0	0	54	946	5591
0	0	54	680	3018
0	0	54	729	8153
0	0	54	954	329
0	0	54	795	3668
0	0	55	25	8035
0	0	55	928	3171
0	0	55	825	4288
0	0	55	704	3849
0	0	56	853	3086
0	0	56	924	7956
0	0	56	693	496
0	0	56	119	8935
0	0	56	305	6340
0	0	57	335	1636
0	0	57	167	6031
0	0	57	712	4938
0	0	57	336	3786
0	0	57	446	2176
0	0	57	890	8340
0	0	57	809	5420
0	0	58	864	7118
0	0	58	577	1704
0	0	58	849	659
0	0	59	891	5513
0	0	59	676	416
0	0	59	985	3043
0	0	59	279	1962
0	0	59	42	8495
0	0	59	579	4630
0	0	6	942	4934
0	0	6	603	8413
0	0	6	247	4655
0	0	6	957	6481
0	0	6	105	7424
0	0	6	627	4982
0	0	60	577	4108
0	0	60	595	3755
0	0	60	859	4681
0	0	60	842	3598
0	0	60	294	6893
0	0	60	387	1292
0	0	60	37	430
0	0	60	229	6610
0	0	61	242	6341
0	0	61	469	6795
0	0	61	440	4860
0	0	61	302	5530
0	0	62	270	3088
0	0	62	911	254
0	0	62	20	2526
0	0	62	29	5676
0	0	62	901	2853
0	0	63	772	3361
0	0	63	165	6156
0	0	63	900	6108
0	0	63	263	9580
0	0	63	293	9719
0	0	63	297	6173
0	0	63	123	8584
0	0	64	736	9699
0	0	64	102	1708
0	0	64	749	3917
0	0	64	254	8001
0	0	64	727	9211
0	0	64	903	7919
0	0	64	570	6658
0	0	65	811	4405
0	0	65	185	2052
0	0	65	789	6797
0	0	65	446	7935
0	0	65	621	8348
0	0	66	390	6012
0	0	66	886	8449
0	0	67	347	4415
0	0	67	464	7963
0	0	67	707	5388
0	0	67	767	9203
0	0	67	672	5166
0	0	67	535	2764
0	0	67	315	9405
0	0	67	393	9065
0	0	67	168	9900
0	0	68	233	8452
0	0	68	704	2921
0	0	68	636	9337
0	0	68	402	8416
0	0	68	344	2646
0	0	68	59	5808
0	0	68	111	6488
0	0	69	660	4920
0	0	69	16	9706
0	0	69	268	9686
0	0	69	140	179
0	0	69	745	5576
0	0	69	739	2578
0	0	69	268	398
0	0	69	521	213
0	0	69	447	7333
0	0	69	853	1503
0	0	69	870	2644
0	0	7	985	4295
0	0	7	386	5584
0	0	7	25	7820
0	0	7	935	6225
0	0	7	549	4263
0	0	7	446	820
0	0	7	330	1275
0	0	7	377	190
0	0	70	534	2745
0	0	70	768	190
0	0	70	518	7926
0	0	70	209	5525
0	0	70	223	3197
0	0	71	167	9538
0	0	71	24	6991
0	0	71	613	6137
0	0	72	800	4976
0	0	72	783	6023
0	0	72	449	7295
0	0	72	747	9977
0	0	73	155	4606
0	0	73	51	6736
0	0	74	481	2674
0	0	74	812	3632
0	0	74	576	9621
0	0	75	839	4579
0	0	75	375	381
0	0	75	198	6367
0	0	75	6	3514
0	0	75	509	4540
0	0	75	307	4078
0	0	75	289	5142
0	0	76	823	3148
0	0	76	919	395
0	0	76	939	1135
0	0	76	670	2074
0	0	76	316	5312
0	0	76	259	7209
0	0	76	871	2447
0	0	76	579	2882
0	0	77	764	8990
0	0	77	945	3942
0	0	77	909	5043
0	0	78	62	8719
0	0	78	454	8046
0	0	78	611	2155
0	0	78	775	9461
0	0	79	32	4484
0	0	8	967	6357
0	0	8	652	7402
0	0	8	83	1377
0	0	8	952	8705
0	0	8	183	1897
0	0	8	226	3131
0	0	8	302	3162
0	0	81	226	4357
0	0	81	546	9044
0	0	81	454	381
0	0	81	3	645
0	0	81	901	799
0	0	81	645	5790
0	0	81	402	1934
0	0	82	404	5293
0	0	82	806	4325
0	0	82	570	7939
0	0	82	100	7358
0	0	82	928	5560
0	0	82	698	8524
0	0	83	715	2914
0	0	83	405	4358
0	0	83	697	7425
0	0	83	192	2922
0	0	84	350	3776
0	0	84	950	5577
0	0	84	183	3056
0	0	84	620	2554
0	0	84	397	1024
0	0	85	448	5772
0	0	85	586	8181
0	0	85	508	5723
0	0	85	292	7547
0	0	86	914	5132
0	0	86	612	5573
0	0	86	562	735
0	0	86	101	9594
0	0	86	844	2021
0	0	86	592	3913
0	0	87	188	2050
0	0	87	206	6466
0	0	87	634	9063
0	0	87	77	3076
0	0	87	116	7626
0	0	88	208	4248
0	0	88	533	1705
0	0	88	67	6456
0	0	88	172	2117
0	0	88	509	2573
0	0	89	809	1221
0	0	89	240	9421
0	0	89	835	3223
0	0	89	621	4953
0	0	89	730	3884
0	0	9	661	1023
0	0	9	865	3067
0	0	90	166	5858
0	0	90	693	490
0	0	90	884	9377
0	0	90	44	2059
0	0	90	450	1787
0	0	91	982	2676
0	0	91	932	1252
0	0	91	602	9476
0	0	91	848	4250
0	0	91	555	6829
0	0	91	966	5656
0	0	91	481	6778
0	0	92	992	2520
0	0	92	305	6181
0	0	92	13	8633
0	0	92	417	8307
0	0	93	469	4998
0	0	93	342	9237
0	0	93	342	5037
0	0	93	893	5771
0	0	93	166	5655
0	0	93	491	8014
0	0	94	339	9232
0	0	94	719	7020
0	0	94	21	7154
0	0	94	784	2103
0	0	94	584	8282
0	0	94	441	8894
0	0	95	21	7866
0	0	95	638	2203
0	0	95	694	6424
0	0	95	496	7614
0	0	96	84	4352
0	0	96	321	5844
0	0	96	82	205
0	0	96	397	2803
0	0	96	822	4048
0	0	96	200	7878
0	0	96	542	8635
0	0	96	928	5339
0	0	96	549	1718
0	0	96	734	7001
0	0	96	612	8671
0	0	97	901	9364
0	0	97	981	3100
0	0	97	134	2650
0	0	98	167	1160
0	0	98	905	2739
0	0	98	310	2248
0	0	98	601	925
0	0	98	112	8531
0	0	98	64	8413
0	0	98	44	4658
0	0	98	119	319
0	0	98	880	3331
