0	6	0	442	4323
0	6	0	759	9806
0	6	0	453	1708
0	6	0	910	9345
0	6	1	737	5706
0	6	1	973	7891
0	6	1	215	36
0	6	1	331	4175
0	6	10	427	2725
0	6	10	196	2048
0	6	10	672	3585
0	6	11	651	5150
0	6	11	234	940
0	6	11	51	6627
0	6	11	334	3563
0	6	11	658	1539
0	6	11	258	3757
0	6	11	874	8900
0	6	12	602	7814
0	6	12	773	4266
0	6	12	393	4778
0	6	13	608	6896
0	6	13	89	497
0	6	13	192	620
0	6	13	229	2757
0	6	13	758	2572
0	6	14	427	8517
0	6	14	749	6401
0	6	14	220	9616
0	6	14	62	6116
0	6	14	567	1752
0	6	14	67	7993
0	6	15	839	764
0	6	15	675	8438
0	6	15	969	1175
0	6	16	923	8103
0	6	16	631	4094
0	6	16	696	5063
0	6	16	644	3627
0	6	16	588	7849
0	6	16	179	6259
0	6	16	89	6009
0	6	16	106	4841
0	6	17	989	5555
0	6	17	695	9380
0	6	17	907	8539
0	6	17	721	6850
0	6	17	564	8695
0	6	17	451	120
0	6	18	888	5887
0	6	18	115	1533
0	6	18	582	1028
0	6	18	815	6207
0	6	18	344	6316
0	6	18	751	9138
0	6	18	953	8743
0	6	18	880	3691
0	6	18	464	179
0	6	19	56	6052
0	6	19	146	3719
0	6	19	881	7265
0	6	2	768	8818
0	6	2	971	5618
0	6	2	770	648
0	6	2	562	1893
0	6	2	884	8121
0	6	2	372	8472
0	6	2	472	292
0	6	2	95	1484
0	6	20	512	2348
0	6	20	543	7664
0	6	20	720	4834
0	6	20	144	7814
0	6	20	401	1191
0	6	20	51	8557
0	6	21	281	9297
0	6	21	942	1495
0	6	21	825	120
0	6	21	282	5248
0	6	22	664	2395
0	6	22	86	8864
0	6	22	215	8718
0	6	22	436	2621
0	6	23	619	5055
0	6	23	721	3982
0	6	24	397	5865
0	6	24	267	5529
0	6	24	993	5730
0	6	24	169	1520
0	6	24	433	6341
0	6	24	906	8217
0	6	25	509	2048
0	6	25	858	168
0	6	25	5	1957
0	6	25	955	7852
0	6	25	474	483
0	6	26	873	3114
0	6	26	230	8102
0	6	26	605	9251
0	6	27	157	9905
0	6	27	23	5347
0	6	27	858	3255
0	6	27	743	7435
0	6	27	751	5098
0	6	28	25	2285
0	6	28	219	9134
0	6	28	59	2743
0	6	28	443	6927
0	6	28	448	2298
0	6	28	657	4154
0	6	28	239	9194
0	6	29	748	4624
0	6	29	71	8108
0	6	29	16	7254
0	6	3	97	1757
0	6	3	281	1868
0	6	3	50	8958
0	6	30	58	746
0	6	30	315	1002
0	6	30	406	2402
0	6	30	46	6634
0	6	30	830	4499
0	6	30	161	8243
0	6	30	170	6614
0	6	31	475	6489
0	6	31	161	889
0	6	31	382	107
0	6	31	198	8081
0	6	32	266	2894
0	6	32	261	39
0	6	32	321	5331
0	6	32	299	7386
0	6	32	428	6666
0	6	32	892	8201
0	6	32	174	2092
0	6	33	32	3353
0	6	33	741	6864
0	6	33	379	228
0	6	33	988	3231
0	6	33	385	9309
0	6	33	815	5040
0	6	33	344	6810
0	6	34	8	5131
0	6	34	148	9688
0	6	34	836	4093
0	6	34	673	6606
0	6	34	829	8726
0	6	34	709	6947
0	6	34	680	2121
0	6	35	252	8352
0	6	35	542	842
0	6	35	694	2678
0	6	35	789	3649
0	6	36	894	1861
0	6	36	156	2306
0	6	36	858	4589
0	6	36	258	3339
0	6	36	66	1442
0	6	36	166	9994
0	6	36	870	1113
0	6	37	54	8088
0	6	37	730	1868
0	6	37	123	3
0	6	38	892	6742
0	6	38	106	64
0	6	38	467	5483
0	6	38	839	6826
0	6	39	125	3137
0	6	4	111	1716
0	6	4	356	5150
0	6	4	331	2010
0	6	4	430	1136
0	6	4	612	1602
0	6	4	828	1264
0	6	4	94	2039
0	6	4	946	9111
0	6	4	582	509
0	6	4	957	3078
0	6	40	960	3451
0	6	40	914	6341
0	6	40	10	6165
0	6	40	135	258
0	6	40	96	6391
0	6	40	379	8946
0	6	40	958	4295
0	6	41	44	4800
0	6	41	681	7544
0	6	41	280	3843
0	6	41	926	9516
0	6	41	564	243
0	6	41	656	8981
0	6	41	432	9214
0	6	42	637	5099
0	6	42	699	101
0	6	42	326	7237
0	6	42	878	4724
0	6	42	850	2752
0	6	42	972	1573
0	6	42	704	9055
0	6	42	932	1629
0	6	43	982	7157
0	6	43	312	4575
0	6	43	718	2254
0	6	44	230	3673
0	6	44	571	9070
0	6	44	951	3595
0	6	44	584	4956
0	6	45	556	4577
0	6	45	996	4088
0	6	45	489	960
0	6	45	369	6007
0	6	45	293	6521
0	6	45	181	879
0	6	45	979	7148
0	6	46	170	8320
0	6	46	970	6779
0	6	46	964	7568
0	6	46	443	7380
0	6	46	366	1398
0	6	47	600	623
0	6	47	98	107
0	6	47	440	1308
0	6	47	812	2848
0	6	47	710	1975
0	6	48	454	3635
0	6	48	710	346
0	6	48	352	4325
0	6	49	801	995
0	6	49	885	7712
0	6	49	355	2819
0	6	49	659	2926
0	6	5	409	6575
0	6	5	272	2246
0	6	5	743	2677
0	6	5	227	1623
0	6	5	832	3553
0	6	5	83	2119
0	6	5	72	8060
0	6	50	526	6301
0	6	50	400	5077
0	6	50	437	4252
0	6	50	424	204
0	6	50	357	896
0	6	50	567	8283
0	6	50	226	804
0	6	50	584	4242
0	6	51	715	6683
0	6	51	396	5832
0	6	51	193	9871
0	6	51	596	7643
0	6	51	84	8290
0	6	52	736	933
0	6	52	245	751
0	6	52	59	3817
0	6	53	361	2496
0	6	53	722	4386
0	6	53	346	9927
0	6	53	771	9717
0	6	53	868	4980
0	6	53	200	1623
0	6	53	908	6296
0	6	54	897	84
0	6	54	333	9190
0	6	54	179	9214
0	6	54	422	8289
0	6	54	51	81
0	6	54	385	4752
0	6	54	531	2953
0	6	54	733	9096
0	6	54	609	7132
0	6	55	134	242
0	6	55	837	1820
0	6	55	87	4141
0	6	55	616	9246
0	6	55	449	9312
0	6	55	840	6783
0	6	56	375	4030
0	6	56	840	9599
0	6	56	344	1080
0	6	56	836	4743
0	6	56	187	6003
0	6	56	610	3944
0	6	56	687	6382
0	6	56	39	6242
0	6	56	948	1912
0	6	57	577	4805
0	6	57	123	3874
0	6	57	142	8238
0	6	57	258	1224
0	6	57	605	6687
0	6	57	745	8084
0	6	58	339	4
0	6	58	688	3653
0	6	58	615	463
0	6	58	15	8676
0	6	58	321	9236
0	6	59	926	8105
0	6	59	985	3554
0	6	59	831	5155
0	6	59	937	9005
0	6	59	44	8549
0	6	59	737	9208
0	6	6	190	347
0	6	6	163	4634
0	6	60	637	8117
0	6	60	605	3518
0	6	60	661	3160
0	6	60	739	9689
0	6	61	398	8309
0	6	61	126	6680
0	6	62	774	2362
0	6	62	577	8600
0	6	62	449	1917
0	6	62	890	934
0	6	62	898	5095
0	6	63	716	5156
0	6	63	887	2600
0	6	63	922	6424
0	6	63	196	6234
0	6	63	456	8524
0	6	64	490	7441
0	6	64	225	6961
0	6	64	703	8659
0	6	64	273	557
0	6	64	198	5047
0	6	64	389	594
0	6	64	274	4303
0	6	64	472	3825
0	6	64	371	9966
0	6	64	583	6587
0	6	64	741	7279
0	6	64	288	3868
0	6	64	880	7460
0	6	65	640	4218
0	6	65	892	2487
0	6	65	729	1378
0	6	65	374	2931
0	6	65	660	4400
0	6	66	89	3450
0	6	66	355	885
0	6	66	705	9233
0	6	67	102	3067
0	6	67	415	1174
0	6	67	536	3127
0	6	67	256	8067
0	6	67	506	2029
0	6	68	532	7156
0	6	68	755	6168
0	6	68	667	8464
0	6	68	887	5872
0	6	68	685	9036
0	6	68	493	9652
0	6	68	502	7099
0	6	69	102	1276
0	6	69	747	9310
0	6	69	637	3764
0	6	69	401	8025
0	6	69	543	2603
0	6	69	313	1617
0	6	69	611	9966
0	6	7	775	9385
0	6	7	132	6629
0	6	7	436	1489
0	6	7	735	4783
0	6	7	296	2320
0	6	7	412	9834
0	6	7	73	2990
0	6	7	840	7543
0	6	70	957	9745
0	6	70	655	3365
0	6	70	139	2819
0	6	70	199	6921
0	6	70	536	5552
0	6	71	345	3738
0	6	71	282	1410
0	6	71	318	2739
0	6	72	981	9006
0	6	72	206	3067
0	6	72	589	3599
0	6	73	367	20
0	6	74	69	2531
0	6	75	967	1591
0	6	75	460	5405
0	6	75	40	822
0	6	75	620	5373
0	6	75	802	5031
0	6	75	401	9813
0	6	75	476	2078
0	6	76	4	2137
0	6	76	563	8400
0	6	76	204	3203
0	6	76	172	7375
0	6	76	593	8302
0	6	76	724	2910
0	6	76	383	7194
0	6	76	663	7348
0	6	77	694	9170
0	6	77	444	6639
0	6	77	679	7715
0	6	77	58	5219
0	6	78	393	9792
0	6	78	308	5503
0	6	78	763	3399
0	6	78	195	8513
0	6	78	344	8334
0	6	78	109	7752
0	6	78	573	491
0	6	79	286	2927
0	6	79	836	7429
0	6	79	389	8931
0	6	79	879	5505
0	6	8	552	2069
0	6	8	40	9274
0	6	8	661	6514
0	6	8	994	1339
0	6	80	452	9937
0	6	80	787	7037
0	6	80	402	985
0	6	80	337	3672
0	6	80	60	9412
0	6	80	715	9586
0	6	80	554	8157
0	6	81	280	6605
0	6	81	920	9048
0	6	81	327	7468
0	6	81	367	8445
0	6	81	172	357
0	6	81	883	1637
0	6	81	763	1970
0	6	81	348	9353
0	6	81	570	7003
0	6	82	982	2501
0	6	82	384	4836
0	6	82	99	3661
0	6	82	61	5407
0	6	82	405	3302
0	6	83	610	7219
0	6	83	688	9088
0	6	83	686	5233
0	6	83	657	6790
0	6	83	785	3705
0	6	83	158	8593
0	6	83	400	8558
0	6	83	283	1918
0	6	83	902	3313
0	6	84	959	1
0	6	84	974	2095
0	6	84	483	6773
0	6	84	328	1852
0	6	84	572	4011
0	6	85	990	6258
0	6	85	772	6790
0	6	85	176	3903
0	6	85	883	4026
0	6	85	821	3453
0	6	85	232	6149
0	6	86	730	3555
0	6	86	521	3631
0	6	86	341	5331
0	6	87	579	9805
0	6	87	100	9356
0	6	87	386	69
0	6	87	271	2362
0	6	88	819	537
0	6	88	695	3384
0	6	89	766	25
0	6	89	988	7911
0	6	9	533	2970
0	6	9	258	5958
0	6	9	685	7541
0	6	90	754	3826
0	6	90	648	959
0	6	90	868	2108
0	6	91	676	6253
0	6	91	169	2257
0	6	92	763	9988
0	6	92	122	2640
0	6	92	879	1015
0	6	92	434	5774
0	6	92	78	7111
0	6	92	417	3817
0	6	92	158	5432
0	6	93	216	6999
0	6	93	254	7408
0	6	93	998	5503
0	6	93	947	1429
0	6	93	180	8375
0	6	93	596	6165
0	6	93	707	3052
0	6	93	451	5365
0	6	93	495	2498
0	6	94	916	7197
0	6	94	895	3997
0	6	94	970	4362
0	6	94	857	1687
0	6	95	969	3378
0	6	95	630	708
0	6	95	567	6148
0	6	95	865	414
0	6	95	328	7036
0	6	96	221	7927
0	6	96	956	2538
0	6	96	531	8755
0	6	97	982	8482
0	6	97	297	7261
0	6	97	293	4701
0	6	97	212	4494
0	6	97	724	9951
0	6	98	687	7899
0	6	98	747	3562
0	6	98	477	9941
