0	2	87	173	2157
0	6	64	288	3868
0	3	90	513	6777
0	5	60	317	7362
0	3	72	489	1588
0	3	41	35	2859
0	8	15	932	3496
0	1	38	471	7082
0	5	55	271	2581
0	7	8	893	7034
0	0	81	402	1934
0	3	24	979	5285
0	8	83	607	3746
0	2	9	419	1615
0	4	34	519	1689
0	6	20	51	8557
0	8	81	854	9565
0	4	66	735	1353
0	6	50	437	4252
0	4	46	24	2162
0	6	34	148	9688
0	4	75	836	234
0	5	24	327	288
0	7	68	481	5619
0	1	66	608	1813
0	2	80	468	5647
0	2	35	967	7026
0	3	15	399	5366
0	0	4	767	3695
0	1	17	635	5256
0	7	68	659	8735
0	3	90	659	7434
0	7	81	923	9124
0	0	59	891	5513
0	8	51	695	4798
0	1	54	413	2295
0	3	98	645	8372
0	5	66	347	8294
0	0	90	884	9377
0	0	53	916	955
0	1	74	242	5330
0	7	71	6	1313
0	1	77	897	7822
0	0	58	849	659
0	1	80	426	4510
0	5	10	136	1094
0	7	76	619	9216
0	7	60	0	4076
0	0	76	871	2447
0	2	28	57	5051
0	0	7	25	7820
0	5	12	738	2136
0	7	4	893	5285
0	6	29	71	8108
0	3	78	938	7755
0	6	68	502	7099
0	6	11	258	3757
0	5	14	906	4782
0	8	83	621	4048
0	7	15	744	9034
0	6	32	261	39
0	4	50	281	2784
0	1	4	405	6470
0	2	12	185	746
0	4	8	174	8297
0	7	55	819	2851
0	1	65	317	4624
0	8	8	819	6671
0	1	20	168	2728
0	1	56	921	5584
0	6	59	737	9208
0	3	94	410	9640
0	7	28	927	8479
0	5	35	354	7031
0	3	52	978	301
0	6	7	73	2990
0	1	45	209	8125
0	8	27	598	1100
0	2	68	74	7066
0	0	21	799	573
0	0	53	655	6152
0	3	73	817	4888
0	3	31	257	4292
0	5	57	268	3020
0	7	4	607	4579
0	6	10	196	2048
0	2	24	771	1702
0	4	13	866	9918
0	1	25	821	8413
0	1	7	112	5750
0	2	28	611	8954
0	7	55	84	35
0	4	57	393	117
0	3	33	735	7007
0	8	65	269	782
0	8	66	286	8415
0	1	86	556	1441
0	0	31	587	6988
0	7	72	825	6669
0	1	8	724	4169
0	0	88	509	2573
0	2	30	563	5878
0	4	1	853	3811
0	5	15	156	1054
0	7	63	636	4492
0	5	51	832	5694
0	2	23	230	4044
0	7	9	564	2618
0	5	79	150	6794
0	2	91	23	2694
0	5	30	364	4773
0	3	33	805	2947
0	5	63	559	9164
0	8	59	621	9065
0	8	89	792	7550
0	3	67	167	3744
0	5	70	536	2697
0	1	12	564	9252
0	8	80	34	5246
0	4	93	358	1111
0	1	19	676	6586
0	1	8	365	4201
0	1	47	442	1146
0	5	75	789	6703
0	3	39	101	2791
0	0	13	712	3510
0	4	40	76	5119
0	2	26	657	5814
0	7	43	19	2081
0	1	11	901	1789
0	3	32	101	9983
0	7	30	247	4655
0	1	41	184	9249
0	7	34	954	5377
0	3	45	403	5709
0	0	5	539	3742
0	4	83	506	1072
0	3	66	633	1336
0	7	12	104	7942
0	7	63	656	7867
0	6	56	375	4030
0	3	41	468	4299
0	1	95	181	2397
0	0	21	934	4777
0	0	1	808	4947
0	7	83	974	9947
0	2	88	821	8522
0	3	69	64	9226
0	8	95	258	784
0	1	68	574	5351
0	8	61	423	338
0	7	14	654	7370
0	0	76	939	1135
0	0	9	865	3067
0	1	87	163	4074
0	1	14	760	3926
0	0	21	297	8159
0	6	28	239	9194
0	4	38	418	9740
0	7	64	35	242
0	5	39	860	2566
0	5	71	239	1307
0	4	92	282	6479
0	6	78	763	3399
0	2	4	194	8267
0	5	38	686	3771
0	4	81	304	8723
0	4	87	701	9339
0	7	6	39	5107
0	2	91	408	8249
0	0	50	77	8789
0	2	62	415	721
0	3	33	596	4131
0	1	44	977	1188
0	2	83	69	5498
0	3	33	124	9078
0	8	28	952	2718
0	4	71	609	5603
0	5	1	189	8306
0	5	22	929	3502
0	3	38	185	2537
0	4	63	331	227
0	2	34	584	2455
0	2	15	843	3672
0	4	72	915	4876
0	3	22	747	6530
0	3	27	604	7598
0	2	91	214	4619
0	7	50	706	7307
0	5	65	742	8921
0	7	54	967	6443
0	3	87	286	1456
0	0	37	981	1812
0	2	47	251	2923
0	8	64	50	6437
0	2	41	894	80
0	8	84	656	6694
0	3	46	73	5162
0	6	30	315	1002
0	6	88	695	3384
0	4	39	201	4994
0	6	78	393	9792
0	8	51	829	5687
0	5	70	797	9125
0	5	23	371	2563
0	8	34	899	2769
0	7	2	640	9786
0	2	51	43	5281
0	2	4	509	9954
0	3	4	548	8093
0	5	71	972	367
0	5	42	413	2493
0	7	67	879	9903
0	7	7	277	2822
0	5	55	258	6165
0	0	38	796	6362
0	2	29	25	935
0	7	82	581	5347
0	2	29	729	982
0	7	78	450	8242
0	3	48	43	4269
0	0	83	697	7425
0	0	64	736	9699
0	3	84	25	7663
0	1	32	667	1931
0	8	30	506	6137
0	3	26	639	9325
0	0	15	324	8625
0	0	76	579	2882
0	0	54	954	329
0	4	4	21	2011
0	2	14	780	7876
0	4	31	67	122
0	1	55	569	9280
0	8	83	297	7002
0	7	54	157	2685
0	0	87	188	2050
0	6	83	657	6790
0	0	4	918	9548
0	2	89	417	2006
0	0	87	206	6466
0	4	76	892	1498
0	6	30	830	4499
0	5	53	805	7952
0	2	81	888	4321
0	2	85	807	665
0	5	90	321	5898
0	2	9	632	5256
0	0	66	390	6012
0	5	20	51	6880
0	1	85	84	5082
0	2	16	433	1865
0	5	4	467	5889
0	1	51	539	6364
0	3	98	178	9528
0	4	34	136	9402
0	7	81	46	4084
0	7	25	817	8855
0	4	49	179	8029
0	5	56	345	6967
0	5	78	491	767
0	6	53	200	1623
0	8	69	844	6426
0	1	10	559	2471
0	7	8	489	904
0	7	53	861	5012
0	6	63	716	5156
0	8	93	677	2955
0	2	37	519	3385
0	5	67	636	6287
0	8	84	95	4961
0	2	24	725	1434
0	0	42	248	7786
0	5	15	926	1043
0	7	77	250	9387
0	0	24	137	3690
0	6	0	453	1708
0	3	66	571	6868
0	3	32	488	529
0	4	66	562	7721
0	6	86	341	5331
0	2	18	572	5611
0	6	80	715	9586
0	0	89	809	1221
0	1	69	831	3558
0	1	79	893	698
0	5	24	664	2207
0	6	51	596	7643
0	6	4	430	1136
0	7	72	843	237
0	2	7	941	6193
0	2	82	921	1903
0	5	26	763	3442
0	8	76	787	2620
0	1	90	200	4374
0	3	32	253	5928
0	4	28	649	9214
0	8	54	917	1113
0	0	27	649	466
0	6	63	887	2600
0	2	21	273	8983
0	7	10	745	7009
0	8	87	332	5617
0	2	63	240	8352
0	1	25	391	8052
0	6	64	583	6587
0	2	88	96	2043
0	7	25	844	9761
0	7	31	155	3456
0	3	21	584	4154
0	3	90	408	9065
0	4	17	216	8787
0	3	37	876	9766
0	7	71	842	235
0	5	7	26	1592
0	4	8	708	4907
0	6	52	736	933
0	8	29	409	3799
0	8	57	305	2551
0	3	56	885	3652
0	6	2	971	5618
0	2	64	248	8744
0	4	37	807	7137
0	2	29	735	9060
0	8	39	754	2948
0	3	26	9	3095
0	4	61	707	6571
0	4	67	123	3745
0	0	81	645	5790
0	2	86	358	7038
0	1	32	11	7928
0	2	1	637	4774
0	0	96	822	4048
0	1	18	343	3546
0	4	64	877	3127
0	2	23	214	3684
0	5	80	645	134
0	5	53	692	6752
0	7	46	777	3446
0	2	11	520	3590
0	8	72	277	908
0	8	35	904	2512
0	4	28	736	3960
0	3	11	872	2257
0	7	8	747	4329
0	7	33	481	5552
0	5	17	581	7164
0	2	58	203	5262
0	6	62	890	934
0	5	74	887	9716
0	6	13	89	497
0	4	65	862	6552
0	5	38	854	44
0	8	50	897	7635
0	4	92	318	7195
0	4	77	328	4574
0	2	74	625	731
0	8	52	744	3768
0	6	46	170	8320
0	3	54	271	8103
0	0	40	821	2389
0	8	76	899	7831
0	5	55	627	2879
0	0	37	644	6437
0	7	92	961	1378
0	1	21	224	7588
0	0	58	577	1704
0	3	72	608	3094
0	4	72	916	4342
0	6	4	356	5150
0	3	83	129	8266
0	3	44	912	5250
0	5	37	979	9244
0	8	10	584	2227
0	4	53	786	7507
0	1	45	728	3574
0	4	43	66	9362
0	8	70	87	6254
0	4	2	650	420
0	2	4	956	297
0	4	45	693	5971
0	1	15	740	2499
0	4	67	538	6850
0	7	83	548	7598
0	7	63	357	135
0	8	60	856	4046
0	0	60	595	3755
0	0	39	982	2448
0	6	12	602	7814
0	7	7	765	3658
0	3	91	972	553
0	6	50	424	204
0	4	81	384	1490
0	7	48	319	5014
0	4	85	788	8224
0	2	72	347	4450
0	6	69	543	2603
0	3	45	366	9928
0	3	45	955	7544
0	1	40	179	6945
0	7	47	441	6662
0	7	29	803	5811
0	2	84	92	3778
0	3	84	422	7489
0	4	37	388	8039
0	7	38	597	1286
0	5	29	869	2647
0	8	78	454	8984
0	6	9	685	7541
0	7	29	520	4649
0	1	83	130	9281
0	8	53	379	5095
0	6	45	979	7148
0	3	51	668	6132
0	4	35	647	4276
0	4	7	337	7284
0	1	11	245	1762
0	4	95	243	8032
0	4	44	39	1315
0	7	21	566	1159
0	0	1	728	3273
0	6	37	730	1868
0	2	71	709	2946
0	4	80	113	4764
0	4	85	50	6882
0	4	57	498	1171
0	6	54	179	9214
0	1	53	312	9486
0	5	1	865	2682
0	8	0	135	8342
0	0	93	491	8014
0	3	46	26	927
0	6	28	657	4154
0	2	79	303	1794
0	7	32	448	8417
0	1	65	764	3776
0	0	16	900	4662
0	1	59	37	2647
0	0	45	219	2761
0	4	24	305	2204
0	8	88	558	7296
0	0	27	68	3626
0	3	77	685	8882
0	5	32	257	4445
0	3	76	737	9758
0	7	11	52	4741
0	7	40	595	3312
0	4	85	982	3103
0	1	6	14	4356
0	2	84	353	4628
0	0	7	549	4263
0	1	7	742	7630
0	8	20	85	8078
0	0	76	259	7209
0	4	86	575	3977
0	1	6	853	6544
0	3	35	477	9962
0	8	41	754	4774
0	0	57	167	6031
0	8	36	62	4227
0	7	39	609	3117
0	0	50	658	5628
0	3	83	88	5155
0	4	67	985	7272
0	3	30	961	7422
0	8	14	256	5155
0	5	32	751	2631
0	1	44	582	2086
0	7	71	293	7802
0	4	75	689	6975
0	6	68	887	5872
0	4	60	570	6681
0	2	3	758	602
0	0	44	292	4755
0	7	91	828	1127
0	3	77	496	1943
0	6	56	344	1080
0	5	32	143	6022
0	6	64	198	5047
0	7	62	359	5436
0	5	15	496	2233
0	6	69	747	9310
0	6	67	102	3067
0	3	34	300	312
0	5	47	725	8102
0	1	54	396	7044
0	4	38	873	6856
0	8	82	203	8065
0	1	93	870	1820
0	5	96	41	4470
0	7	17	265	2293
0	8	34	480	6519
0	3	47	418	100
0	8	98	73	9030
0	2	0	466	5374
0	4	75	100	9104
0	5	13	329	4186
0	7	30	936	8006
0	6	20	401	1191
0	1	82	622	3571
0	0	6	627	4982
0	3	87	289	8646
0	3	44	194	253
0	0	7	386	5584
0	1	32	582	4984
0	1	34	741	2963
0	4	85	882	7527
0	5	86	926	6064
0	4	66	884	568
0	1	48	799	4157
0	1	49	286	1502
0	1	79	100	2801
0	5	18	266	3468
0	8	16	108	6151
0	4	14	401	3113
0	1	63	991	3153
0	0	70	223	3197
0	8	53	275	1553
0	0	44	914	1219
0	8	63	94	6599
0	2	48	35	7605
0	6	62	898	5095
0	6	97	293	4701
0	4	95	172	7705
0	3	59	971	4126
0	8	95	479	77
0	8	69	990	8393
0	7	71	20	9895
0	4	27	416	8083
0	5	89	392	1167
0	8	54	643	3467
0	5	33	44	4648
0	6	75	401	9813
0	3	96	556	5303
0	5	39	430	1815
0	8	9	702	4799
0	2	31	298	8266
0	7	23	32	925
0	2	93	629	864
0	7	95	183	417
0	8	71	550	5083
0	4	44	635	3948
0	8	76	283	3218
0	5	87	816	134
0	3	58	462	101
0	3	88	403	7913
0	4	50	528	3288
0	1	27	685	3298
0	0	40	397	9466
0	3	94	443	6089
0	1	90	499	1480
0	1	88	151	8655
0	7	55	61	1185
0	7	88	792	6181
0	5	82	324	7943
0	1	16	752	6894
0	6	85	990	6258
0	4	52	34	6337
0	6	85	772	6790
0	1	13	408	5924
0	1	41	427	7505
0	6	40	135	258
0	4	44	171	2155
0	7	15	547	7319
0	7	38	691	7143
0	8	81	321	5552
0	4	24	250	3701
0	7	69	708	6992
0	6	5	72	8060
0	7	19	598	4566
0	5	64	891	7409
0	4	74	623	3144
0	2	61	234	8514
0	4	39	894	628
0	0	61	440	4860
0	3	18	415	8615
0	5	28	298	125
0	2	12	968	9730
0	4	45	820	3496
0	6	67	415	1174
0	5	5	131	5821
0	3	37	320	6558
0	5	54	566	9829
0	1	61	911	8588
0	8	26	831	4323
0	1	38	609	7774
0	1	75	664	5483
0	3	10	823	582
0	5	88	644	5694
0	7	61	156	3856
0	5	21	950	8089
0	4	28	790	3200
0	2	2	292	5697
0	7	64	122	1827
0	1	44	338	2103
0	7	38	702	2841
0	6	46	443	7380
0	3	66	588	5804
0	6	7	412	9834
0	2	52	235	5441
0	8	83	187	371
0	2	71	23	8826
0	6	25	858	168
0	1	43	141	469
0	5	11	917	9455
0	4	86	18	6610
0	2	61	275	667
0	1	37	935	9580
0	4	98	987	7924
0	7	8	96	4164
0	5	5	70	2337
0	1	5	837	3746
0	8	45	416	2305
0	1	60	636	2168
0	0	64	749	3917
0	8	69	967	6628
0	2	96	247	1525
0	1	40	133	984
0	2	80	791	8793
0	6	83	610	7219
0	0	2	9	4840
0	5	0	461	8465
0	8	13	401	421
0	0	2	20	538
0	4	64	583	293
0	7	57	458	2524
0	8	41	722	4962
0	8	10	746	9255
0	2	22	47	9910
0	5	48	853	6379
0	8	62	700	6279
0	1	7	952	283
0	7	18	596	5206
0	5	87	559	8029
0	1	50	812	2334
0	1	29	233	4662
0	7	73	577	6223
0	3	13	89	3001
0	3	64	887	5825
0	3	72	284	4148
0	8	21	185	8747
0	6	70	957	9745
0	2	75	841	7894
0	8	64	321	1054
0	8	29	595	1914
0	2	40	310	3394
0	5	34	289	9264
0	8	24	561	3439
0	2	80	444	4378
0	7	13	799	8058
0	3	8	172	659
0	2	80	172	802
0	4	12	979	6524
0	3	19	573	2662
0	0	83	192	2922
0	6	76	563	8400
0	1	74	32	6768
0	8	23	633	7884
0	3	86	29	9238
0	1	97	797	6680
0	4	69	488	4264
0	3	47	448	5519
0	1	5	469	8545
0	1	87	803	9471
0	6	34	8	5131
0	2	53	283	880
0	2	15	37	5716
0	3	8	305	1355
0	3	66	91	5463
0	3	79	925	3125
0	6	78	308	5503
0	1	85	994	4212
0	1	48	883	2871
0	6	53	868	4980
0	7	50	316	6848
0	0	75	198	6367
0	6	93	180	8375
0	3	83	324	6113
0	6	0	759	9806
0	8	73	343	4336
0	8	94	842	5755
0	1	7	931	2048
0	8	54	515	5138
0	3	7	822	2280
0	4	24	505	4711
0	0	36	426	8061
0	7	82	106	2263
0	3	0	256	3062
0	8	59	60	7528
0	0	69	853	1503
0	3	95	772	9742
0	2	27	267	3376
0	1	16	303	7022
0	4	1	243	8288
0	3	15	71	2848
0	5	48	30	2154
0	6	52	245	751
0	3	30	109	147
0	8	54	335	5092
0	7	20	336	6215
0	7	11	753	3272
0	3	31	363	596
0	6	4	331	2010
0	8	57	637	7725
0	0	84	950	5577
0	4	53	367	441
0	6	34	836	4093
0	7	79	131	5535
0	7	35	691	6554
0	3	34	596	5482
0	6	51	193	9871
0	7	30	254	3892
0	4	39	248	7531
0	4	6	708	6593
0	8	38	77	6173
0	6	64	472	3825
0	4	41	135	6237
0	5	21	183	8436
0	8	62	729	6887
0	3	98	914	3766
0	5	88	38	1522
0	2	58	502	8213
0	5	27	182	8724
0	4	3	341	8544
0	6	57	745	8084
0	6	42	972	1573
0	0	49	90	2282
0	1	10	709	8836
0	8	71	82	3303
0	0	4	145	8956
0	6	30	46	6634
0	6	80	554	8157
0	3	36	508	9552
0	4	33	97	8644
0	3	38	192	5884
0	2	21	459	6712
0	8	86	464	9085
0	0	72	747	9977
0	0	98	310	2248
0	5	22	874	7222
0	3	6	64	7043
0	4	50	503	3703
0	1	50	847	1116
0	6	43	312	4575
0	8	55	931	1879
0	7	86	925	8871
0	1	6	784	9982
0	3	96	785	8116
0	3	8	827	8890
0	0	68	233	8452
0	5	93	700	3465
0	6	95	865	414
0	0	27	736	8248
0	8	21	602	3773
0	1	96	925	541
0	4	84	201	6334
0	4	62	575	5346
0	2	47	17	4405
0	5	95	911	6753
0	3	32	376	232
0	2	51	880	3362
0	3	24	676	3388
0	0	13	930	8390
0	3	85	389	4498
0	7	55	492	3615
0	3	49	841	4275
0	5	8	567	1211
0	4	40	675	4283
0	1	21	590	5835
0	3	5	596	5042
0	0	62	270	3088
0	2	25	654	2879
0	8	56	101	328
0	1	12	118	4204
0	6	68	685	9036
0	5	12	33	3789
0	0	98	44	4658
0	8	75	470	602
0	7	7	537	3488
0	1	6	872	3550
0	6	42	704	9055
0	1	1	239	8535
0	8	0	457	5546
0	5	70	160	7304
0	0	21	560	2309
0	7	96	103	7669
0	0	53	80	5221
0	4	83	136	9238
0	0	44	838	3658
0	6	47	710	1975
0	5	16	231	9470
0	0	94	719	7020
0	7	70	388	6945
0	3	27	162	7861
0	2	80	827	3101
0	3	26	880	561
0	6	76	4	2137
0	7	86	395	5895
0	7	67	557	6426
0	5	97	313	9555
0	0	92	992	2520
0	8	28	827	9515
0	8	23	686	4017
0	6	47	812	2848
0	7	40	664	5302
0	5	90	91	3055
0	2	57	564	6637
0	5	38	709	9961
0	2	64	562	3657
0	0	64	102	1708
0	7	44	301	5094
0	0	7	985	4295
0	1	63	60	244
0	4	44	758	2223
0	5	75	864	1601
0	0	84	620	2554
0	2	39	580	9892
0	5	30	944	8404
0	2	66	475	1793
0	1	82	419	3551
0	0	75	375	381
0	8	80	706	1264
0	8	77	857	2155
0	7	46	763	7326
0	2	6	868	709
0	1	56	685	6838
0	8	71	363	9470
0	7	83	592	4428
0	7	44	800	2734
0	7	39	639	5897
0	3	79	624	3984
0	5	35	512	5254
0	4	65	186	6995
0	0	4	31	8002
0	2	80	44	9684
0	0	5	851	2299
0	6	92	122	2640
0	4	38	608	7904
0	6	41	280	3843
0	8	57	684	6297
0	3	1	429	9612
0	4	85	581	8937
0	6	64	389	594
0	2	62	490	9857
0	6	28	59	2743
0	0	41	972	3777
0	0	46	829	3994
0	6	65	640	4218
0	6	69	637	3764
0	3	11	306	5787
0	7	48	778	9352
0	4	43	13	4145
0	0	92	13	8633
0	5	26	637	1508
0	1	90	495	3055
0	0	98	601	925
0	4	83	42	8346
0	0	60	577	4108
0	5	80	912	5354
0	0	26	561	2664
0	7	0	218	1588
0	7	61	537	921
0	5	59	74	7918
0	0	63	123	8584
0	7	63	568	506
0	7	40	118	7604
0	1	66	693	884
0	2	56	691	3146
0	1	76	445	5509
0	7	8	973	6309
0	0	14	95	1027
0	4	75	875	5123
0	0	91	555	6829
0	6	76	204	3203
0	4	38	85	6563
0	4	20	334	9572
0	5	16	895	8562
0	5	84	914	558
0	1	84	693	3791
0	2	83	533	2327
0	6	96	221	7927
0	7	33	191	3144
0	4	28	265	6473
0	4	87	953	8143
0	3	58	547	6234
0	5	17	760	1111
0	2	84	274	9069
0	7	40	590	6164
0	6	77	58	5219
0	8	66	187	6006
0	8	66	152	8828
0	2	75	994	8389
0	6	28	443	6927
0	2	24	945	6747
0	1	39	118	6974
0	4	89	13	7434
0	1	62	782	5934
0	2	7	812	9440
0	5	46	423	581
0	2	39	229	1445
0	7	15	505	5750
0	5	58	518	3190
0	4	15	105	8150
0	5	8	780	2580
0	0	35	441	6393
0	6	53	908	6296
0	7	26	115	3735
0	5	50	338	4956
0	0	37	823	8436
0	8	11	808	7527
0	5	34	590	7284
0	4	34	764	6364
0	6	43	718	2254
0	1	60	856	5340
0	8	20	437	6090
0	7	2	267	72
0	4	77	336	6451
0	2	5	711	6742
0	4	42	576	6236
0	8	55	394	3253
0	1	71	898	2749
0	3	7	728	6647
0	0	31	389	1643
0	5	97	342	9677
0	3	31	393	4977
0	1	69	227	201
0	7	87	74	7112
0	4	91	177	913
0	3	74	758	9641
0	3	32	497	9275
0	4	31	406	3940
0	8	87	264	5393
0	8	90	735	2467
0	6	44	230	3673
0	2	93	45	9555
0	7	25	895	8860
0	4	95	139	9969
0	0	21	878	3292
0	3	75	234	5400
0	4	33	681	9988
0	6	30	406	2402
0	7	8	825	2685
0	0	65	446	7935
0	4	71	126	6238
0	6	69	401	8025
0	6	85	883	4026
0	2	73	393	7892
0	1	45	456	6059
0	8	91	314	770
0	4	14	969	4129
0	8	2	851	895
0	7	61	213	3519
0	7	19	417	2359
0	8	31	959	2538
0	3	60	275	4779
0	0	48	811	7337
0	0	98	905	2739
0	2	46	68	3474
0	4	40	707	8250
0	1	73	664	3964
0	5	79	285	2751
0	7	69	832	2191
0	7	62	648	940
0	3	70	21	6800
0	4	14	781	7446
0	0	56	693	496
0	8	95	916	7243
0	8	11	920	8998
0	7	75	573	5370
0	0	69	870	2644
0	2	42	321	8987
0	4	5	979	9354
0	7	76	415	6911
0	2	9	487	6923
0	8	76	106	7176
0	4	44	816	6519
0	8	92	371	950
0	0	49	218	5069
0	4	89	991	2579
0	6	82	405	3302
0	4	61	188	782
0	3	89	843	3474
0	2	45	337	6822
0	1	81	325	3141
0	2	20	523	7595
0	6	4	612	1602
0	1	28	137	479
0	0	19	148	1917
0	6	50	400	5077
0	3	69	844	8729
0	1	93	813	5881
0	0	30	685	9410
0	8	39	396	2503
0	8	54	462	6821
0	1	0	425	7793
0	4	52	178	1532
0	6	11	874	8900
0	0	93	342	5037
0	1	61	817	531
0	4	85	448	5853
0	1	62	931	9264
0	3	4	139	9518
0	8	90	148	6791
0	8	39	347	6176
0	3	11	626	6442
0	8	65	972	3968
0	2	83	882	2697
0	1	3	717	8975
0	6	13	192	620
0	4	73	875	6858
0	7	85	123	2278
0	8	73	99	1402
0	5	62	438	334
0	0	29	460	683
0	7	53	424	4544
0	5	82	680	9511
0	4	33	792	3868
0	6	81	280	6605
0	5	2	829	1429
0	1	84	193	528
0	1	49	843	6918
0	4	93	362	8893
0	0	13	878	9938
0	0	89	240	9421
0	1	48	824	7297
0	1	13	304	9314
0	2	40	418	2537
0	7	58	418	7780
0	2	8	365	4352
0	4	2	236	3068
0	2	42	586	5217
0	3	68	17	5199
0	5	4	95	2588
0	1	31	734	2009
0	0	8	83	1377
0	0	16	721	613
0	7	96	426	7559
0	0	91	966	5656
0	1	17	439	9588
0	4	9	618	8179
0	2	63	561	2515
0	6	3	281	1868
0	2	82	437	9582
0	7	24	718	4431
0	4	33	742	4133
0	0	36	861	5709
0	1	7	119	5525
0	0	64	254	8001
0	7	16	143	2315
0	4	8	948	8537
0	8	49	447	8529
0	6	66	705	9233
0	8	2	311	7431
0	8	61	45	51
0	4	54	946	239
0	0	49	854	6311
0	1	72	68	9365
0	7	94	365	2776
0	7	6	991	5675
0	3	78	152	3719
0	0	96	321	5844
0	0	48	578	893
0	4	47	169	8918
0	5	98	416	15
0	0	79	32	4484
0	4	55	253	1878
0	3	13	138	629
0	7	76	459	2044
0	3	45	938	9116
0	4	30	297	1800
0	1	83	796	1806
0	5	8	219	1633
0	8	32	297	5250
0	3	64	234	2971
0	4	32	656	7646
0	4	65	758	9384
0	3	1	97	8680
0	3	38	775	3173
0	4	30	13	7386
0	8	16	958	2579
0	8	46	724	1711
0	1	78	179	7499
0	5	82	664	1813
0	7	46	754	725
0	1	38	224	7550
0	8	37	330	3634
0	6	95	328	7036
0	0	11	11	6917
0	4	32	415	6410
0	2	2	321	2712
0	3	90	164	2219
0	4	27	736	3838
0	1	50	899	3605
0	5	38	333	2720
0	7	24	153	5435
0	1	28	932	8089
0	0	92	305	6181
0	2	38	10	6064
0	6	4	111	1716
0	3	36	244	5298
0	4	68	26	9447
0	7	87	907	3523
0	7	44	182	6931
0	4	1	43	4698
0	1	53	143	6494
0	0	75	839	4579
0	8	64	801	5665
0	3	52	958	6758
0	3	14	615	7752
0	1	93	815	4635
0	0	68	636	9337
0	2	60	60	1046
0	2	70	994	2135
0	4	49	20	2733
0	8	5	814	1771
0	3	9	938	9685
0	3	86	351	6368
0	3	2	144	8807
0	3	18	949	8185
0	7	17	766	2779
0	5	2	465	3103
0	4	9	832	405
0	0	42	222	8199
0	6	51	84	8290
0	0	46	167	3126
0	7	67	375	3636
0	5	79	735	6381
0	8	37	191	9307
0	0	4	104	1283
0	3	83	846	9679
0	0	73	155	4606
0	3	72	849	731
0	8	70	755	4785
0	7	19	337	3121
0	7	72	892	7012
0	8	24	898	1281
0	7	94	177	9282
0	6	35	694	2678
0	0	74	576	9621
0	2	7	512	8617
0	7	29	229	7313
0	0	44	213	8959
0	2	67	572	9663
0	0	0	943	9448
0	4	93	951	3275
0	1	70	387	1435
0	2	7	601	718
0	5	79	303	9643
0	4	72	250	1825
0	3	26	551	8903
0	3	96	788	4006
0	8	73	434	4928
0	6	33	385	9309
0	1	38	11	2206
0	3	23	519	3220
0	4	77	271	4018
0	0	6	105	7424
0	7	1	255	1184
0	3	13	462	4908
0	7	10	928	8708
0	1	85	821	864
0	2	87	617	1097
0	1	80	778	1022
0	7	56	577	5650
0	7	5	674	4218
0	8	51	671	8034
0	6	78	195	8513
0	4	97	851	3501
0	3	87	85	2296
0	6	53	771	9717
0	6	5	83	2119
0	8	17	34	9609
0	5	95	703	260
0	6	70	655	3365
0	7	16	977	642
0	7	88	655	3535
0	6	41	44	4800
0	0	21	579	2942
0	4	68	678	3180
0	8	13	13	6626
0	1	45	849	1846
0	5	63	467	7186
0	7	84	448	1555
0	7	79	953	2738
0	7	2	198	975
0	0	8	967	6357
0	3	55	943	8338
0	7	8	303	8400
0	7	9	941	7541
0	4	67	126	3247
0	3	16	232	8691
0	6	92	763	9988
0	4	55	462	5927
0	3	95	729	9713
0	4	47	60	7221
0	3	58	137	146
0	0	47	401	7749
0	0	26	255	7317
0	7	54	708	5230
0	4	35	206	1628
0	4	78	745	7035
0	2	59	791	8931
0	3	51	240	1238
0	0	72	449	7295
0	6	28	448	2298
0	1	67	936	3462
0	8	61	106	831
0	3	67	211	8680
0	8	88	235	6404
0	1	30	503	5593
0	3	80	224	5307
0	1	35	85	8251
0	6	94	970	4362
0	8	63	672	8445
0	6	13	758	2572
0	4	94	169	5338
0	8	71	359	6385
0	7	66	702	912
0	0	2	192	5321
0	4	79	21	3928
0	1	34	547	5741
0	2	18	143	4013
0	1	70	784	3917
0	3	87	11	3251
0	5	14	873	5309
0	4	19	564	1139
0	4	46	866	3398
0	5	62	993	4641
0	4	43	819	8456
0	2	98	575	211
0	7	95	200	6269
0	8	20	566	7074
0	2	58	87	725
0	0	47	159	7508
0	7	93	16	4370
0	7	84	535	4605
0	8	15	814	2553
0	6	55	840	6783
0	1	53	465	3287
0	6	3	50	8958
0	7	86	344	2378
0	2	32	408	177
0	7	36	854	8792
0	2	79	35	6740
0	0	96	82	205
0	2	47	613	2947
0	5	74	922	3661
0	8	66	160	6591
0	8	12	35	5441
0	5	76	115	8982
0	2	44	181	520
0	0	45	302	1184
0	5	93	259	4578
0	3	16	685	6019
0	3	33	313	4435
0	1	6	851	9888
0	5	33	250	8740
0	8	78	180	9415
0	5	66	845	4530
0	7	76	788	8779
0	8	77	475	1209
0	3	63	765	2383
0	7	95	355	5854
0	0	35	562	1935
0	1	9	924	1474
0	5	89	91	225
0	7	20	816	8122
0	1	25	740	4027
0	0	45	650	8590
0	6	71	282	1410
0	7	26	509	2986
0	5	30	995	969
0	0	5	690	3170
0	3	60	364	3361
0	7	8	749	9292
0	0	0	491	3375
0	5	6	696	6309
0	3	81	672	4536
0	6	64	371	9966
0	2	18	451	1751
0	7	56	507	5102
0	6	8	552	2069
0	2	63	753	4517
0	3	50	485	9680
0	8	22	956	9670
0	4	95	785	536
0	5	55	337	1152
0	4	55	925	8411
0	1	74	684	9951
0	8	22	183	7265
0	3	30	715	7191
0	7	50	160	2744
0	2	83	948	9648
0	8	26	789	4628
0	7	85	441	6261
0	4	93	593	1123
0	2	16	880	6435
0	3	5	258	4384
0	3	17	53	6732
0	2	62	532	5027
0	1	76	259	7377
0	1	41	562	9719
0	5	90	247	7578
0	8	79	669	548
0	2	2	646	3081
0	3	0	715	8453
0	6	79	879	5505
0	5	8	343	973
0	5	81	388	2991
0	1	43	251	7055
0	8	24	513	2725
0	3	38	614	8093
0	8	51	523	707
0	8	86	267	7242
0	6	87	100	9356
0	7	73	199	379
0	3	82	771	7778
0	0	43	437	2092
0	0	27	126	373
0	2	57	457	9313
0	8	63	340	9357
0	3	57	560	7565
0	1	8	336	3640
0	0	48	289	589
0	0	84	350	3776
0	8	92	778	9901
0	2	40	882	3294
0	2	98	232	213
0	3	97	755	5868
0	5	57	654	27
0	2	59	483	6822
0	2	74	16	3246
0	4	96	218	1329
0	7	51	449	4401
0	8	55	404	5376
0	4	98	864	5993
0	0	49	165	4438
0	3	33	284	2465
0	0	5	926	6966
0	5	31	272	7429
0	4	74	255	9520
0	8	27	441	9691
0	8	67	887	7105
0	1	26	778	228
0	6	14	427	8517
0	3	53	706	8044
0	8	97	977	607
0	0	96	200	7878
0	2	96	145	137
0	0	25	822	981
0	3	52	376	8774
0	1	59	485	1077
0	1	81	383	129
0	2	59	712	3997
0	8	6	493	1666
0	2	64	734	5487
0	1	52	491	3899
0	1	46	96	4960
0	2	63	685	5700
0	2	48	966	1351
0	4	2	750	4988
0	3	22	169	2523
0	2	23	982	6179
0	6	98	687	7899
0	1	73	618	8507
0	1	76	106	1557
0	1	95	552	3893
0	8	21	502	2946
0	4	9	109	4022
0	2	98	199	861
0	4	50	774	1958
0	7	83	364	5125
0	8	26	640	2135
0	1	18	381	9063
0	8	9	861	5353
0	5	39	786	2235
0	5	72	89	8690
0	6	7	840	7543
0	4	36	705	1697
0	5	67	952	8828
0	6	31	382	107
0	5	87	82	472
0	6	27	157	9905
0	5	13	766	1818
0	7	45	514	4470
0	4	31	369	1573
0	5	75	220	7305
0	6	97	724	9951
0	5	75	465	8115
0	8	37	905	4589
0	7	44	691	1303
0	8	77	935	4686
0	2	59	793	7112
0	0	67	393	9065
0	5	74	623	2587
0	1	31	131	7202
0	0	43	499	623
0	7	68	895	6480
0	1	52	633	1731
0	2	52	609	6227
0	7	65	95	7341
0	3	3	127	3689
0	0	36	973	1353
0	4	92	454	1060
0	5	20	228	4335
0	0	45	836	6706
0	8	30	959	3295
0	8	90	36	3027
0	6	51	396	5832
0	1	66	666	4992
0	4	58	988	3438
0	1	82	497	5939
0	4	52	467	7047
0	8	84	864	3344
0	4	93	264	7757
0	0	97	981	3100
0	3	14	234	6499
0	1	67	203	6646
0	6	93	707	3052
0	7	90	419	4616
0	7	5	109	1236
0	4	38	399	5938
0	6	66	355	885
0	0	65	621	8348
0	3	5	793	6586
0	0	42	697	3472
0	8	94	752	7134
0	3	46	293	7209
0	5	9	593	1536
0	7	46	105	8865
0	5	98	902	5019
0	1	75	407	8877
0	2	49	951	4138
0	4	35	596	6372
0	4	66	861	1520
0	5	67	180	56
0	2	79	152	4661
0	3	96	822	4816
0	4	58	216	4665
0	8	31	548	495
0	2	61	208	1391
0	6	16	923	8103
0	7	12	46	8016
0	6	15	675	8438
0	3	98	788	1449
0	2	4	30	7357
0	6	11	658	1539
0	5	13	741	9530
0	3	71	951	4004
0	1	4	366	6174
0	3	4	161	4147
0	1	76	62	5240
0	4	42	765	3695
0	7	71	235	5033
0	8	40	402	5171
0	7	45	278	282
0	5	12	933	88
0	6	36	156	2306
0	8	91	572	9073
0	2	21	527	1624
0	4	82	979	2755
0	2	90	194	4093
0	1	94	935	2085
0	4	30	931	8475
0	6	25	509	2048
0	5	61	516	3605
0	0	98	112	8531
0	8	3	661	6709
0	6	58	339	4
0	4	55	47	4780
0	5	32	928	8786
0	8	21	547	1396
0	8	71	970	2884
0	1	44	694	8386
0	5	34	224	9834
0	3	70	478	5915
0	4	48	724	5744
0	0	45	601	2957
0	8	84	221	5447
0	5	18	676	9748
0	0	49	967	714
0	0	86	101	9594
0	5	94	457	6571
0	4	90	452	4409
0	5	58	337	6210
0	2	36	579	1743
0	0	34	731	6273
0	1	68	271	7881
0	8	70	735	5632
0	6	27	23	5347
0	1	88	517	9505
0	2	53	434	8387
0	8	16	935	1023
0	3	83	453	3173
0	6	81	367	8445
0	4	39	446	3071
0	6	46	970	6779
0	7	78	198	8559
0	1	42	108	1363
0	4	3	29	8365
0	0	35	246	3340
0	5	74	756	1733
0	3	24	296	9761
0	0	7	935	6225
0	6	17	451	120
0	7	56	239	1180
0	1	76	415	2141
0	8	63	176	7446
0	5	1	840	4137
0	7	59	355	7588
0	5	81	571	8777
0	5	50	527	4851
0	5	46	456	8766
0	1	77	748	5349
0	7	39	979	843
0	1	4	793	6559
0	3	12	328	7092
0	5	74	430	7116
0	0	72	783	6023
0	1	82	782	4307
0	0	0	453	4046
0	0	61	302	5530
0	3	34	217	2695
0	7	16	390	5069
0	1	46	474	286
0	0	16	584	2723
0	2	54	555	8140
0	7	90	164	8647
0	5	93	502	1284
0	1	96	663	1086
0	2	93	912	7014
0	6	29	748	4624
0	6	70	139	2819
0	4	17	209	6776
0	4	34	684	850
0	2	85	590	4521
0	0	71	167	9538
0	5	11	100	4574
0	1	48	485	1968
0	5	72	8	5258
0	1	70	455	3745
0	6	30	58	746
0	0	24	254	110
0	6	16	631	4094
0	5	6	525	6095
0	5	61	234	2535
0	5	20	144	655
0	7	16	853	4771
0	2	34	665	9651
0	3	90	928	6678
0	8	96	355	9078
0	2	34	119	5280
0	3	53	949	3791
0	0	31	572	3357
0	0	49	228	350
0	4	97	424	4078
0	0	46	876	6080
0	0	4	783	73
0	3	86	308	4308
0	6	40	379	8946
0	0	98	167	1160
0	3	78	221	1323
0	1	69	128	3572
0	4	67	306	5561
0	5	95	149	9682
0	5	2	531	6004
0	6	54	897	84
0	5	68	316	9221
0	8	14	351	579
0	8	3	383	2052
0	2	41	43	6063
0	0	82	806	4325
0	3	31	160	4381
0	0	63	297	6173
0	4	96	157	2
0	0	38	404	477
0	5	24	531	292
0	7	17	302	657
0	5	52	258	6830
0	7	58	915	9943
0	8	7	231	8918
0	4	50	332	7492
0	8	93	754	6807
0	3	60	899	4292
0	4	81	905	850
0	6	43	982	7157
0	7	56	324	9952
0	2	26	501	8512
0	5	47	486	7231
0	8	41	351	4262
0	6	64	880	7460
0	5	46	372	9973
0	1	20	572	7167
0	7	32	727	2615
0	0	15	678	5535
0	6	17	721	6850
0	1	35	977	8619
0	7	67	295	5619
0	3	83	756	7655
0	0	49	329	9199
0	4	68	398	7672
0	3	23	799	3719
0	7	30	855	5107
0	7	0	277	2054
0	3	85	815	1475
0	0	28	13	6691
0	5	36	682	4113
0	8	10	67	1767
0	5	43	315	8931
0	1	89	659	2527
0	5	68	982	3294
0	5	50	265	7850
0	3	40	992	20
0	2	60	737	102
0	8	9	165	3725
0	5	20	617	2452
0	8	2	440	8841
0	4	63	209	3679
0	8	47	119	965
0	4	49	645	6073
0	2	5	560	9523
0	3	12	718	8
0	7	94	18	7629
0	3	26	134	6691
0	0	45	165	2623
0	8	8	415	3166
0	7	41	574	5125
0	1	78	143	1244
0	4	73	711	8785
0	1	25	332	4363
0	0	26	192	2026
0	8	42	828	8040
0	2	46	850	9664
0	5	56	48	8715
0	4	42	106	1677
0	5	32	667	1140
0	6	82	61	5407
0	1	77	788	7373
0	3	42	734	4490
0	2	27	96	4339
0	0	67	168	9900
0	8	10	436	9366
0	5	75	80	3772
0	4	8	161	9920
0	1	68	893	1051
0	2	85	246	7498
0	7	26	497	3955
0	7	71	53	9892
0	7	47	174	2760
0	4	73	616	4920
0	1	19	698	7549
0	7	53	734	3866
0	8	84	54	6511
0	8	14	435	5179
0	1	79	587	2140
0	6	28	219	9134
0	7	20	850	8345
0	6	19	881	7265
0	7	7	81	1961
0	2	93	281	8714
0	6	42	932	1629
0	5	31	273	5569
0	8	34	110	6755
0	8	88	783	2876
0	2	87	321	5867
0	4	77	217	8433
0	5	22	170	4017
0	6	69	102	1276
0	3	55	724	5807
0	8	62	623	90
0	6	94	916	7197
0	3	21	892	7290
0	5	70	61	9456
0	3	70	996	2553
0	5	27	772	8793
0	4	40	954	2090
0	5	54	961	1634
0	2	53	270	2749
0	2	12	726	1983
0	1	3	136	5976
0	6	26	605	9251
0	1	31	425	1115
0	8	54	590	9842
0	5	11	659	5763
0	1	44	579	6295
0	7	32	896	1983
0	2	37	597	4899
0	8	64	430	6223
0	5	51	778	832
0	8	42	398	8442
0	0	57	712	4938
0	2	93	711	4043
0	2	73	671	4013
0	8	91	822	1695
0	1	82	215	6920
0	4	59	712	1463
0	3	67	758	1711
0	4	3	104	938
0	8	29	533	4321
0	4	21	203	9100
0	1	64	728	2610
0	6	24	169	1520
0	6	40	96	6391
0	6	35	789	3649
0	0	93	166	5655
0	2	67	588	6767
0	8	75	463	5739
0	3	46	847	8871
0	4	22	577	9516
0	2	85	190	9304
0	5	47	983	4848
0	2	48	184	8768
0	1	16	334	421
0	4	2	293	6273
0	5	57	562	4533
0	2	60	913	6716
0	3	32	191	8256
0	6	92	879	1015
0	0	23	344	2940
0	6	83	688	9088
0	3	35	278	1040
0	0	78	775	9461
0	8	75	120	4715
0	5	9	668	6635
0	6	71	318	2739
0	0	57	335	1636
0	8	68	100	8099
0	8	37	77	4450
0	3	58	439	4156
0	7	96	352	2421
0	3	59	280	5133
0	4	23	886	6766
0	2	19	521	5523
0	0	0	96	3107
0	0	59	676	416
0	2	13	407	1179
0	1	66	403	9874
0	8	33	858	7737
0	4	58	255	51
0	3	88	980	9391
0	8	18	767	7042
0	0	6	957	6481
0	3	35	883	9742
0	1	34	102	7463
0	4	9	252	2755
0	0	90	166	5858
0	3	92	16	5762
0	5	41	162	1013
0	4	83	46	6873
0	3	16	80	286
0	2	24	569	1684
0	5	17	43	9496
0	1	93	574	9747
0	8	97	689	6399
0	8	26	430	6132
0	6	65	892	2487
0	0	55	25	8035
0	5	92	250	4232
0	5	1	689	8519
0	1	15	184	3774
0	4	87	602	8236
0	6	58	688	3653
0	5	36	71	541
0	4	8	843	3760
0	5	57	503	6760
0	5	93	467	2539
0	7	19	251	4940
0	6	24	906	8217
0	5	26	45	277
0	2	77	506	6573
0	0	11	607	9191
0	4	44	813	8902
0	0	84	183	3056
0	2	44	491	8934
0	5	76	915	6366
0	2	91	154	5811
0	0	33	657	4794
0	7	69	651	3712
0	8	31	316	8406
0	4	17	422	3250
0	8	83	731	3998
0	8	53	886	1674
0	7	32	465	4329
0	8	77	306	3746
0	8	52	295	9655
0	6	58	615	463
0	5	41	918	6233
0	6	8	40	9274
0	3	49	865	6277
0	8	41	608	6335
0	7	21	224	3049
0	5	36	468	4514
0	3	0	297	9988
0	3	56	14	5173
0	0	44	31	8275
0	8	57	520	8331
0	7	50	200	7712
0	5	63	282	4798
0	3	79	427	6549
0	3	76	246	9572
0	5	40	507	2954
0	2	88	35	5741
0	5	19	60	8475
0	5	25	691	6010
0	4	33	246	6258
0	0	95	694	6424
0	8	17	845	3405
0	4	66	903	2635
0	7	63	346	137
0	5	46	881	3394
0	6	81	327	7468
0	4	46	796	4135
0	4	1	487	5068
0	4	14	511	1798
0	3	22	822	9463
0	1	53	782	6307
0	8	70	127	3843
0	6	64	741	7279
0	5	59	822	5582
0	2	19	992	122
0	5	4	69	3615
0	3	79	765	8631
0	7	55	181	4636
0	7	4	85	3604
0	5	36	780	3805
0	6	97	212	4494
0	6	60	605	3518
0	3	86	699	3101
0	2	61	214	875
0	8	38	34	68
0	4	62	945	2674
0	8	2	721	3830
0	1	28	787	7391
0	7	81	724	2732
0	4	25	132	1423
0	5	61	34	5233
0	7	78	139	9156
0	1	40	697	6410
0	7	27	657	7868
0	3	40	485	877
0	6	87	579	9805
0	2	9	703	5337
0	8	86	2	5012
0	0	88	67	6456
0	6	22	215	8718
0	2	10	824	6059
0	8	40	849	2764
0	5	92	62	2562
0	7	72	285	3339
0	5	0	392	9928
0	6	12	773	4266
0	1	76	73	6955
0	8	77	158	8561
0	2	65	954	486
0	8	80	158	2142
0	2	14	657	3949
0	8	63	886	4980
0	4	39	764	5661
0	3	0	358	7050
0	2	24	819	7438
0	3	78	517	5729
0	5	62	23	1307
0	1	24	260	1269
0	4	7	305	4704
0	4	44	748	5621
0	3	50	393	2692
0	7	66	59	9937
0	2	21	887	6361
0	3	90	91	686
0	5	93	716	7806
0	4	62	92	7238
0	0	76	670	2074
0	7	2	420	4727
0	3	49	812	3833
0	7	63	456	8530
0	2	24	354	5028
0	3	59	356	9892
0	7	4	25	2878
0	5	15	416	9172
0	1	32	641	3233
0	1	3	417	4389
0	2	26	191	3440
0	1	7	714	1771
0	7	80	576	2951
0	3	91	864	3926
0	0	86	592	3913
0	1	95	952	8483
0	2	56	470	489
0	4	26	357	9574
0	2	93	311	7116
0	4	80	290	7927
0	5	5	874	6887
0	8	56	335	8424
0	3	5	551	779
0	7	10	898	1592
0	3	98	802	4046
0	5	53	663	5054
0	5	75	957	1530
0	3	21	409	408
0	8	45	754	5740
0	8	69	674	919
0	7	83	220	9228
0	6	20	144	7814
0	4	69	813	7228
0	8	31	34	3063
0	3	84	319	7927
0	6	91	169	2257
0	3	89	390	2956
0	1	88	344	2388
0	1	8	304	1431
0	2	20	751	7771
0	0	91	481	6778
0	1	34	214	6453
0	3	28	185	9542
0	7	71	776	1312
0	4	26	798	380
0	2	15	777	5039
0	6	65	729	1378
0	7	80	269	2451
0	4	41	135	4614
0	0	59	42	8495
0	0	59	279	1962
0	1	45	728	3084
0	8	16	96	6920
0	2	65	549	2741
0	8	53	628	4676
0	2	13	898	2549
0	7	19	213	9377
0	3	29	586	7788
0	5	34	308	4540
0	4	62	686	5118
0	2	97	980	291
0	4	16	528	3769
0	8	81	549	4515
0	7	67	513	9101
0	1	46	281	6832
0	2	66	868	4026
0	2	60	682	1360
0	4	36	672	1372
0	3	53	931	7996
0	3	66	706	4373
0	5	56	424	726
0	3	44	413	4775
0	5	1	639	827
0	6	84	328	1852
0	0	16	190	7670
0	7	25	438	2789
0	8	97	107	6891
0	6	81	920	9048
0	3	7	427	6822
0	2	40	960	3088
0	6	41	681	7544
0	4	66	706	8784
0	3	83	690	6173
0	5	55	777	6047
0	4	30	974	3109
0	0	37	319	2432
0	7	68	676	180
0	0	48	906	2487
0	1	65	624	1804
0	2	2	703	4720
0	4	9	312	9188
0	4	63	324	2095
0	4	16	232	72
0	3	90	861	5286
0	0	31	838	1197
0	5	62	514	8487
0	6	55	449	9312
0	2	89	240	4139
0	8	96	905	1442
0	7	10	381	7310
0	4	56	665	8512
0	4	54	49	2168
0	0	54	795	3668
0	7	57	306	922
0	8	37	377	4020
0	0	68	704	2921
0	5	81	744	5293
0	8	36	484	2494
0	4	50	625	1971
0	0	88	172	2117
0	8	74	446	5583
0	2	89	307	1098
0	2	53	597	902
0	2	58	855	3339
0	5	43	803	8728
0	6	84	572	4011
0	0	93	893	5771
0	2	10	480	8908
0	6	31	198	8081
0	2	59	237	7575
0	4	12	184	5211
0	1	40	510	7270
0	4	21	562	1253
0	8	27	136	5283
0	2	30	372	4139
0	4	53	401	2451
0	2	87	369	3771
0	6	85	821	3453
0	4	41	360	8172
0	1	85	993	5213
0	5	93	922	2346
0	8	98	27	8268
0	3	40	43	8964
0	3	48	718	6014
0	6	54	333	9190
0	3	77	420	4567
0	1	17	423	8936
0	1	36	78	6067
0	0	12	624	7062
0	5	65	768	2490
0	1	23	969	8184
0	8	86	789	4228
0	7	55	794	5170
0	3	77	567	9086
0	8	43	364	7567
0	2	98	599	5481
0	0	60	859	4681
0	6	36	258	3339
0	4	10	798	5972
0	4	89	58	4345
0	6	93	495	2498
0	8	20	702	1184
0	5	30	569	3198
0	8	16	776	3751
0	5	47	557	8050
0	5	58	660	7337
0	1	67	896	7784
0	5	36	926	3404
0	3	45	202	791
0	6	9	258	5958
0	7	22	639	201
0	6	39	125	3137
0	3	8	4	5809
0	8	60	682	9165
0	0	86	562	735
0	8	61	337	5000
0	0	36	821	3733
0	8	2	704	1254
0	0	97	134	2650
0	7	49	165	2378
0	4	68	192	5326
0	1	22	104	835
0	6	34	673	6606
0	1	24	987	497
0	2	97	391	9922
0	3	76	38	4174
0	3	22	306	7561
0	2	56	251	6186
0	8	13	15	9096
0	7	30	823	3534
0	4	46	28	2114
0	5	5	511	1595
0	6	50	526	6301
0	0	76	316	5312
0	3	21	288	5346
0	0	96	84	4352
0	3	36	696	2650
0	4	88	904	4714
0	5	31	729	7756
0	4	79	898	5024
0	1	96	163	673
0	1	53	369	9539
0	1	19	742	9743
0	3	3	167	6482
0	1	12	770	8705
0	8	4	24	2061
0	2	64	223	3065
0	8	48	312	4022
0	7	7	447	3315
0	2	63	357	5716
0	7	95	477	7982
0	3	75	640	8641
0	3	83	181	8133
0	2	31	152	4590
0	2	97	347	722
0	5	79	572	9638
0	6	6	190	347
0	5	18	653	9865
0	5	36	542	5825
0	3	17	206	1026
0	1	48	196	3400
0	0	82	570	7939
0	6	22	436	2621
0	5	0	723	9701
0	7	57	606	4834
0	0	44	443	9550
0	5	94	526	5636
0	8	93	303	7485
0	5	31	348	5847
0	8	26	975	4976
0	4	71	920	4092
0	6	26	230	8102
0	1	77	64	4516
0	5	89	382	3836
0	0	30	116	4585
0	0	89	835	3223
0	3	93	406	7480
0	0	94	339	9232
0	8	38	148	8827
0	1	1	853	796
0	2	56	416	6531
0	6	33	344	6810
0	2	74	213	1021
0	3	38	316	4666
0	7	62	496	2983
0	4	71	560	3325
0	6	18	888	5887
0	4	68	406	3331
0	7	89	932	3191
0	2	54	150	1714
0	5	85	331	5939
0	8	39	130	8173
0	0	37	439	1236
0	2	8	486	144
0	4	37	572	9458
0	5	95	46	7653
0	3	50	648	1277
0	7	32	817	5095
0	3	87	349	6721
0	8	80	997	7124
0	7	58	793	72
0	7	60	988	814
0	3	7	946	5227
0	6	36	858	4589
0	1	48	371	6232
0	2	37	782	1395
0	4	26	413	9394
0	4	42	777	3713
0	2	31	122	2210
0	3	62	280	9804
0	4	42	351	6092
0	5	87	257	8742
0	8	95	624	6615
0	6	17	564	8695
0	8	27	573	4991
0	6	56	840	9599
0	0	86	844	2021
0	6	45	181	879
0	8	25	247	4513
0	7	77	777	6794
0	6	1	331	4175
0	2	9	297	2035
0	5	17	626	4968
0	5	36	490	6994
0	4	18	783	2179
0	7	54	199	4427
0	8	32	536	4648
0	7	66	432	3456
0	4	86	18	1106
0	2	19	605	2952
0	4	47	149	581
0	2	43	811	2760
0	7	77	594	3766
0	8	55	815	7390
0	6	79	389	8931
0	0	26	966	1581
0	8	90	598	8785
0	1	4	802	9908
0	2	66	463	5295
0	8	22	439	997
0	2	66	801	9713
0	6	9	533	2970
0	2	11	697	1322
0	1	61	427	7912
0	2	25	99	1666
0	2	36	989	7895
0	5	18	268	7512
0	2	12	662	3687
0	6	81	172	357
0	2	42	234	3608
0	7	89	440	2064
0	1	80	222	6115
0	4	51	531	7225
0	1	5	68	8614
0	4	16	712	4692
0	0	67	315	9405
0	0	59	985	3043
0	2	48	968	923
0	5	35	466	2862
0	4	44	4	5731
0	2	65	574	3875
0	1	80	335	5026
0	4	87	535	8491
0	1	43	169	7641
0	7	36	151	3999
0	8	65	924	7424
0	8	69	854	9222
0	4	26	749	2786
0	0	69	447	7333
0	1	37	319	6100
0	3	48	189	5365
0	0	37	967	7048
0	6	44	571	9070
0	6	57	605	6687
0	2	96	395	4961
0	8	67	389	737
0	6	93	596	6165
0	5	13	382	4056
0	1	80	52	6006
0	1	74	487	8104
0	6	55	616	9246
0	6	68	493	9652
0	2	55	709	4220
0	1	8	148	6472
0	8	74	280	8268
0	5	71	142	8912
0	8	75	182	7460
0	6	32	266	2894
0	7	19	111	9835
0	3	9	368	1906
0	8	77	989	8625
0	0	82	404	5293
0	2	90	703	6932
0	1	63	525	7117
0	8	27	292	4517
0	7	25	854	2514
0	0	30	169	6124
0	7	94	866	5323
0	2	51	604	5300
0	7	0	335	5041
0	0	30	904	1424
0	5	1	512	666
0	7	35	304	2090
0	6	75	476	2078
0	0	56	119	8935
0	7	30	699	8633
0	5	41	866	4397
0	6	51	715	6683
0	2	44	801	4272
0	4	22	918	1987
0	5	26	921	4789
0	8	97	418	5101
0	8	89	131	1640
0	8	79	631	9009
0	7	6	286	3156
0	5	64	411	9908
0	2	50	492	9505
0	5	80	187	618
0	0	96	397	2803
0	7	67	322	924
0	8	89	555	2524
0	8	72	387	3011
0	7	50	726	6218
0	8	78	977	1039
0	7	35	912	1712
0	5	75	738	2318
0	6	5	832	3553
0	7	65	800	7836
0	3	71	605	7641
0	8	56	156	437
0	3	63	137	2878
0	3	0	510	9066
0	2	55	388	2685
0	2	97	441	6550
0	7	73	986	2727
0	3	13	507	1622
0	0	26	859	6766
0	1	16	853	7124
0	7	62	941	9887
0	2	70	661	1039
0	3	38	492	694
0	4	88	863	4677
0	8	69	799	7722
0	3	28	623	2335
0	1	66	214	5270
0	7	73	86	880
0	6	90	754	3826
0	1	15	426	6358
0	3	52	991	1498
0	7	86	152	8212
0	8	82	748	7282
0	0	43	267	4022
0	6	57	258	1224
0	4	32	195	5083
0	8	20	245	6643
0	3	92	889	2936
0	0	8	652	7402
0	5	25	797	197
0	1	56	690	2356
0	4	77	258	5044
0	2	80	953	634
0	5	21	827	5234
0	5	78	487	5693
0	4	36	61	3320
0	5	17	987	3368
0	4	52	474	3
0	5	47	568	6524
0	5	43	567	135
0	5	68	48	8710
0	2	10	229	7994
0	6	13	229	2757
0	7	6	259	9404
0	4	96	93	2673
0	5	80	747	480
0	1	32	882	3322
0	3	64	27	9525
0	1	54	552	1360
0	7	24	637	7149
0	4	79	453	5884
0	2	8	545	4440
0	3	9	508	6944
0	3	61	202	4749
0	2	49	812	45
0	8	66	766	8168
0	5	93	116	1416
0	8	69	776	6688
0	2	60	656	2688
0	6	2	768	8818
0	4	93	574	8468
0	3	17	348	5044
0	8	80	27	5445
0	4	74	248	685
0	6	36	894	1861
0	4	59	233	2722
0	7	9	309	5587
0	2	51	883	5229
0	6	10	427	2725
0	3	57	597	2112
0	6	93	451	5365
0	3	79	475	1436
0	3	67	826	108
0	1	7	399	8122
0	8	83	453	2424
0	5	65	920	4363
0	4	87	148	185
0	0	16	336	5746
0	8	28	666	3889
0	4	40	700	1546
0	5	38	693	4478
0	3	8	120	1356
0	6	46	964	7568
0	0	47	202	3005
0	4	69	322	6105
0	0	95	496	7614
0	6	15	969	1175
0	1	61	158	7521
0	6	64	274	4303
0	8	73	626	5445
0	5	64	926	7922
0	2	58	848	4354
0	0	90	693	490
0	4	43	673	4951
0	6	33	815	5040
0	5	26	589	2351
0	8	1	906	9255
0	4	42	844	628
0	5	75	192	7581
0	6	11	334	3563
0	6	0	442	4323
0	2	69	362	4529
0	7	88	528	6582
0	7	66	269	6013
0	1	76	480	2652
0	6	72	981	9006
0	4	30	908	377
0	4	62	628	2837
0	4	89	319	6335
0	3	58	575	5848
0	8	2	49	5965
0	7	28	13	2397
0	5	64	695	8786
0	5	48	732	3535
0	5	74	933	5402
0	7	33	737	4892
0	3	43	230	1150
0	2	89	903	8159
0	6	94	895	3997
0	1	8	223	7035
0	1	63	250	3605
0	2	57	822	3502
0	1	66	790	1391
0	0	52	662	4095
0	6	1	215	36
0	5	97	607	8013
0	5	76	252	8029
0	4	2	123	9291
0	8	40	452	8641
0	1	53	163	5611
0	8	14	457	4438
0	3	39	894	2965
0	2	23	525	1723
0	4	3	986	1021
0	1	4	882	561
0	1	98	7	4375
0	8	76	968	28
0	3	34	792	938
0	5	59	354	8794
0	1	64	7	7945
0	5	90	368	8368
0	4	61	122	6343
0	8	92	738	343
0	1	55	783	7155
0	1	9	855	9878
0	5	65	392	5746
0	6	86	521	3631
0	2	52	804	2611
0	5	55	15	3906
0	4	82	136	9210
0	3	60	28	1229
0	5	17	265	7512
0	6	40	958	4295
0	2	27	818	4202
0	5	70	928	3190
0	2	40	175	4332
0	8	25	145	2216
0	1	45	899	1220
0	4	42	17	5206
0	7	63	597	2441
0	0	98	64	8413
0	1	54	474	9644
0	1	1	211	5406
0	2	21	308	137
0	5	56	180	666
0	2	5	95	7550
0	2	20	315	6094
0	4	33	868	2276
0	4	39	887	71
0	7	77	389	6472
0	5	95	594	223
0	0	28	974	8440
0	3	38	511	2816
0	2	86	53	2148
0	1	82	758	7178
0	2	47	86	4277
0	5	53	445	7894
0	7	69	280	2392
0	2	0	609	6888
0	2	9	460	3384
0	0	50	416	3185
0	6	60	637	8117
0	5	27	726	897
0	7	89	95	7481
0	6	85	176	3903
0	1	95	374	5669
0	7	30	988	3396
0	5	9	321	6119
0	0	41	992	8472
0	2	70	724	185
0	3	70	638	8560
0	7	39	57	8468
0	3	26	917	1413
0	2	72	849	5550
0	8	60	366	8606
0	6	82	99	3661
0	3	77	663	3101
0	1	78	400	6283
0	1	14	686	7520
0	7	16	551	3172
0	8	56	789	2756
0	4	10	281	7743
0	7	42	246	3195
0	0	94	21	7154
0	4	96	334	9891
0	6	25	5	1957
0	0	42	107	1432
0	1	50	779	9369
0	2	93	5	5931
0	3	42	717	8320
0	1	58	959	2754
0	3	44	140	9117
0	7	1	74	8021
0	6	83	686	5233
0	1	32	953	8181
0	4	84	968	3507
0	7	77	779	903
0	6	60	661	3160
0	1	91	291	9626
0	5	19	772	958
0	8	32	386	3345
0	2	61	648	9770
0	3	56	549	9427
0	0	56	305	6340
0	5	34	498	6903
0	2	17	915	9616
0	6	37	123	3
0	8	10	881	1587
0	1	95	35	5900
0	5	49	809	7523
0	6	24	433	6341
0	1	53	825	240
0	7	59	809	6849
0	4	65	398	1120
0	1	48	846	7394
0	2	54	863	8323
0	1	90	404	3077
0	2	89	672	410
0	1	4	643	9275
0	1	84	128	9008
0	5	30	109	313
0	2	62	603	2030
0	4	28	268	9708
0	1	30	184	8334
0	8	44	9	8845
0	3	58	223	7890
0	5	13	153	3424
0	4	22	507	9749
0	0	20	603	1051
0	6	6	163	4634
0	7	39	281	2290
0	8	52	990	5979
0	0	65	811	4405
0	0	96	549	1718
0	6	7	296	2320
0	5	0	30	2891
0	0	14	184	1335
0	1	44	138	3905
0	2	8	911	4478
0	2	9	219	8818
0	6	93	947	1429
0	8	31	64	2402
0	3	62	763	9058
0	2	51	757	9860
0	1	96	463	3522
0	2	9	329	8035
0	3	6	621	9767
0	0	85	586	8181
0	2	96	3	8445
0	4	8	984	9043
0	1	69	714	8773
0	5	28	112	8759
0	7	68	307	1075
0	6	97	982	8482
0	6	58	15	8676
0	4	13	36	9920
0	0	56	924	7956
0	3	69	887	2102
0	7	35	262	1253
0	1	76	248	9007
0	0	73	51	6736
0	5	75	262	3544
0	7	27	239	4987
0	7	39	582	2724
0	5	72	811	5262
0	3	32	254	8890
0	1	37	612	5615
0	4	84	995	8180
0	4	76	392	2796
0	3	46	243	1676
0	6	93	216	6999
0	0	68	59	5808
0	0	75	307	4078
0	0	54	698	6058
0	2	18	816	5669
0	1	72	489	9183
0	0	62	29	5676
0	5	25	158	5437
0	1	58	76	7365
0	3	57	32	4123
0	8	31	861	4482
0	3	28	790	7721
0	8	85	862	4465
0	4	1	887	7139
0	0	24	493	6205
0	6	42	878	4724
0	8	14	642	8642
0	7	79	137	5744
0	7	13	766	6826
0	4	50	905	9896
0	6	54	385	4752
0	5	86	536	5145
0	1	24	168	5023
0	5	82	343	1323
0	4	25	837	7869
0	4	94	980	1868
0	8	15	597	1796
0	3	62	169	5067
0	8	77	695	49
0	3	90	989	4592
0	7	9	412	8325
0	5	70	630	7048
0	1	57	49	401
0	7	82	439	3987
0	3	25	330	4689
0	4	76	585	7653
0	0	55	928	3171
0	4	85	359	367
0	7	0	462	3091
0	8	13	724	2119
0	5	44	391	6072
0	4	31	43	9155
0	2	39	234	1424
0	4	28	972	538
0	8	32	649	7877
0	0	64	727	9211
0	8	69	851	5262
0	6	45	293	6521
0	6	44	584	4956
0	6	80	337	3672
0	1	93	917	8000
0	3	98	688	1291
0	3	65	593	400
0	0	18	86	4606
0	8	79	33	2614
0	5	90	431	9852
0	3	11	785	6474
0	5	93	349	5992
0	8	54	601	4920
0	2	88	201	6524
0	7	82	340	586
0	4	61	732	4829
0	6	59	831	5155
0	8	38	108	2569
0	1	45	172	8816
0	7	83	162	9845
0	1	15	412	223
0	1	98	820	3570
0	0	69	521	213
0	7	15	593	4897
0	7	12	545	5689
0	5	12	631	7867
0	2	45	636	5635
0	1	52	779	8695
0	8	39	605	8405
0	0	75	6	3514
0	8	15	227	7907
0	5	9	176	5250
0	4	21	299	1618
0	5	57	530	2864
0	3	89	233	505
0	5	15	217	9618
0	7	54	219	4156
0	4	53	826	906
0	4	31	22	4225
0	6	35	252	8352
0	0	45	976	759
0	7	42	527	2282
0	1	27	602	4346
0	6	97	297	7261
0	0	32	728	8806
0	6	8	661	6514
0	2	59	31	2091
0	4	91	560	5545
0	3	46	488	9083
0	3	5	921	908
0	3	75	442	5391
0	5	62	620	9307
0	2	5	461	6060
0	3	44	963	7186
0	1	75	932	5787
0	7	15	725	3333
0	7	54	315	5054
0	1	19	289	1423
0	6	67	506	2029
0	4	93	639	5042
0	1	93	295	4937
0	6	80	452	9937
0	0	1	534	1875
0	3	15	594	8137
0	0	38	982	2802
0	3	88	767	2381
0	0	29	530	7756
0	7	93	202	8540
0	5	43	313	4869
0	4	58	552	3564
0	3	29	174	6894
0	3	86	10	5628
0	2	0	80	5847
0	2	54	495	2823
0	1	84	307	4472
0	0	32	527	6236
0	8	60	875	9337
0	1	44	57	6564
0	3	22	89	1782
0	2	7	364	8421
0	2	48	698	9054
0	6	96	531	8755
0	5	67	703	9311
0	2	51	160	5116
0	7	39	214	5942
0	6	42	637	5099
0	0	66	886	8449
0	3	93	248	2579
0	6	59	926	8105
0	7	33	112	479
0	7	88	887	9203
0	5	53	222	4625
0	2	14	564	1999
0	8	89	142	1080
0	0	67	535	2764
0	2	53	266	4802
0	0	77	909	5043
0	0	94	784	2103
0	8	47	187	3343
0	6	21	942	1495
0	2	53	337	5668
0	2	74	361	1820
0	0	8	952	8705
0	2	53	137	3098
0	2	27	856	4643
0	8	92	978	3178
0	2	83	664	9334
0	1	87	732	3981
0	0	35	37	9742
0	5	5	472	2700
0	3	92	816	3986
0	0	81	454	381
0	0	2	722	1456
0	7	61	239	4880
0	2	33	333	7079
0	6	41	656	8981
0	4	4	876	9980
0	1	98	938	5529
0	0	33	904	3143
0	1	61	522	9668
0	8	30	51	7590
0	6	20	512	2348
0	5	16	463	4294
0	8	44	334	9590
0	5	9	654	5010
0	5	83	998	7058
0	1	95	600	5975
0	3	86	283	1636
0	5	78	783	9162
0	7	41	788	901
0	0	8	226	3131
0	5	30	840	4831
0	7	14	868	2722
0	8	14	179	1837
0	7	84	696	9511
0	0	41	445	7365
0	7	7	877	5015
0	7	66	80	429
0	1	27	896	2930
0	6	40	914	6341
0	2	71	553	3129
0	3	21	432	8498
0	4	23	88	8304
0	2	71	994	6168
0	1	80	672	3379
0	7	54	421	5384
0	6	11	651	5150
0	3	82	549	4942
0	6	53	361	2496
0	5	45	276	8293
0	3	44	791	4611
0	5	83	131	1669
0	2	65	788	2224
0	8	60	255	8906
0	2	27	466	2842
0	5	74	162	8816
0	4	44	255	5965
0	3	23	785	8817
0	8	61	445	453
0	7	21	757	5128
0	0	63	293	9719
0	0	67	672	5166
0	3	52	598	1542
0	7	77	163	4024
0	6	81	570	7003
0	8	35	14	1054
0	8	18	327	2972
0	2	86	448	3602
0	6	2	95	1484
0	7	43	224	5902
0	8	28	82	1526
0	8	72	367	6195
0	8	64	657	4401
0	2	51	888	9830
0	0	44	362	2364
0	0	43	330	9363
0	7	4	311	6797
0	6	54	733	9096
0	2	26	598	4306
0	4	58	391	9293
0	2	0	10	8973
0	5	71	390	8918
0	7	40	522	2545
0	4	63	798	1198
0	4	30	365	7825
0	0	67	707	5388
0	7	37	679	16
0	6	75	620	5373
0	1	89	494	4206
0	7	98	125	2051
0	4	94	97	503
0	1	53	787	5508
0	5	65	516	7218
0	5	47	415	3627
0	7	29	669	1115
0	2	47	806	5804
0	2	82	429	4682
0	6	45	996	4088
0	4	35	255	9406
0	8	83	524	7748
0	2	89	222	9990
0	2	63	57	933
0	6	56	610	3944
0	2	52	598	5975
0	4	13	945	2346
0	6	1	973	7891
0	0	96	928	5339
0	2	15	975	9143
0	3	55	426	6988
0	2	23	246	9645
0	6	73	367	20
0	4	53	436	5962
0	5	92	356	147
0	2	13	890	2566
0	6	18	953	8743
0	7	24	721	7972
0	2	78	598	7954
0	5	53	633	8759
0	4	97	61	4929
0	3	66	811	3743
0	3	52	758	2393
0	6	92	158	5432
0	3	18	600	835
0	8	16	994	9611
0	0	41	573	9059
0	1	48	988	1950
0	8	64	801	5417
0	2	22	722	5324
0	5	93	986	7620
0	1	0	775	6406
0	0	6	247	4655
0	7	81	927	7612
0	3	61	832	8922
0	6	62	577	8600
0	7	35	526	5170
0	5	72	498	1269
0	3	62	270	8074
0	6	32	174	2092
0	5	87	474	1996
0	6	16	696	5063
0	8	53	139	3320
0	0	60	842	3598
0	1	70	133	2609
0	3	47	495	3468
0	2	73	452	6164
0	8	86	805	1353
0	1	71	935	3023
0	4	50	769	5701
0	2	40	439	1695
0	4	69	996	7952
0	6	18	582	1028
0	5	90	916	4088
0	8	62	874	4967
0	0	36	901	3445
0	2	8	911	3701
0	0	2	448	5610
0	1	82	890	6977
0	8	70	432	9118
0	0	25	171	935
0	4	75	596	4599
0	0	70	209	5525
0	0	29	138	5591
0	2	57	524	3794
0	2	30	42	4448
0	6	92	434	5774
0	8	92	769	8964
0	7	3	540	7300
0	0	55	704	3849
0	5	23	662	2639
0	4	88	734	879
0	5	69	401	495
0	2	75	802	5959
0	4	49	296	4477
0	4	40	253	3104
0	3	23	17	1010
0	7	21	748	643
0	1	25	59	4457
0	5	92	953	5616
0	0	70	518	7926
0	3	63	498	6152
0	7	60	950	5151
0	6	88	819	537
0	6	55	134	242
0	6	21	825	120
0	6	23	721	3982
0	8	61	47	3943
0	6	24	993	5730
0	5	7	332	961
0	7	32	198	4644
0	7	47	883	8247
0	0	82	928	5560
0	8	1	407	1752
0	7	76	740	5421
0	1	38	173	9354
0	1	31	169	7783
0	3	67	175	1196
0	0	32	661	9901
0	6	32	428	6666
0	3	21	879	6627
0	3	53	325	2541
0	1	21	163	7545
0	8	91	0	7123
0	3	29	128	83
0	4	69	459	2023
0	2	30	253	228
0	7	50	863	1094
0	0	88	208	4248
0	3	56	31	4686
0	1	43	817	8292
0	0	57	446	2176
0	7	20	248	2421
0	8	4	488	3444
0	5	46	266	4295
0	4	73	383	2663
0	5	26	33	3564
0	2	70	707	8278
0	2	35	149	8188
0	1	48	745	877
0	6	75	40	822
0	0	67	347	4415
0	6	95	630	708
0	6	56	687	6382
0	6	68	755	6168
0	2	70	90	6129
0	5	94	579	7319
0	5	97	924	5534
0	5	37	984	8908
0	3	25	242	8803
0	3	30	353	2201
0	0	58	864	7118
0	6	79	286	2927
0	2	50	236	9746
0	6	50	584	4242
0	8	7	414	3010
0	4	18	695	1770
0	8	81	556	6053
0	4	58	996	5686
0	4	5	623	7601
0	1	36	588	2322
0	5	0	815	3979
0	3	63	788	1360
0	6	56	836	4743
0	2	3	23	7424
0	8	8	55	5655
0	1	31	220	8989
0	7	29	56	2571
0	8	76	481	5516
0	1	64	88	7178
0	6	75	802	5031
0	5	52	240	6338
0	0	33	436	1595
0	3	69	152	5739
0	1	9	647	4303
0	6	0	910	9345
0	6	40	960	3451
0	6	5	227	1623
0	1	98	554	6462
0	0	77	945	3942
0	1	30	188	2009
0	2	27	626	8663
0	7	35	530	1062
0	5	8	474	4936
0	2	75	862	8410
0	3	83	115	6886
0	4	14	607	7947
0	7	91	559	1763
0	2	65	671	2940
0	8	70	605	3634
0	0	97	901	9364
0	1	0	978	5262
0	2	70	421	9196
0	1	59	690	725
0	7	55	816	1589
0	4	73	444	6621
0	0	67	464	7963
0	7	86	755	579
0	1	1	219	775
0	7	45	946	3480
0	8	49	844	7757
0	7	76	740	7388
0	1	95	905	9819
0	8	80	0	935
0	0	46	611	3128
0	2	6	553	4123
0	4	81	629	1863
0	4	85	573	8162
0	7	9	781	7329
0	5	78	184	8325
0	4	61	519	2105
0	8	37	969	9338
0	5	4	810	8571
0	3	96	50	4749
0	2	44	164	5858
0	7	78	393	8564
0	6	81	883	1637
0	5	58	771	3806
0	3	70	671	329
0	6	45	556	4577
0	4	29	377	9022
0	2	66	573	1276
0	8	44	535	1423
0	5	0	517	8219
0	3	26	264	3584
0	4	0	71	3012
0	7	72	961	6423
0	2	92	447	3130
0	2	84	827	5173
0	8	73	900	8781
0	0	36	394	6610
0	2	34	391	4513
0	5	49	641	6170
0	8	32	20	6430
0	1	16	110	5449
0	5	95	254	882
0	2	36	573	2137
0	5	95	458	8894
0	0	81	546	9044
0	0	43	74	1049
0	1	72	361	8803
0	4	42	66	2732
0	6	81	763	1970
0	6	76	172	7375
0	5	39	835	7482
0	8	26	927	7828
0	3	53	284	5941
0	0	19	719	9119
0	4	82	699	3217
0	6	25	955	7852
0	7	63	994	5279
0	7	12	78	3823
0	8	91	529	711
0	4	8	250	6702
0	3	12	595	2043
0	1	17	512	5877
0	8	8	321	1297
0	8	82	277	50
0	1	8	679	9007
0	2	92	867	6470
0	8	57	896	414
0	1	44	792	5619
0	4	27	977	985
0	4	5	257	6584
0	0	74	812	3632
0	3	41	806	8016
0	0	1	230	7466
0	0	10	387	7351
0	0	37	265	8493
0	7	81	776	8093
0	7	53	180	9982
0	8	10	626	7297
0	2	24	562	827
0	4	33	943	1954
0	4	85	518	6256
0	6	61	398	8309
0	4	57	590	1365
0	7	39	802	3780
0	6	79	836	7429
0	6	40	10	6165
0	2	62	478	3215
0	4	43	832	4291
0	4	52	88	9988
0	0	53	726	3926
0	6	49	801	995
0	5	63	402	3614
0	8	70	240	1387
0	6	57	123	3874
0	5	44	398	3664
0	0	76	919	395
0	6	48	710	346
0	2	0	14	5660
0	8	21	712	7596
0	8	75	688	2913
0	6	5	272	2246
0	8	93	245	2812
0	2	16	496	2512
0	4	7	502	1295
0	7	4	351	1746
0	0	53	480	1006
0	2	86	998	9389
0	5	56	531	1730
0	7	62	108	8304
0	2	11	561	217
0	8	87	195	5266
0	2	46	626	6143
0	8	70	678	109
0	1	46	785	8213
0	7	83	148	9923
0	4	50	515	7538
0	7	84	514	4379
0	7	47	626	3139
0	8	91	67	1830
0	1	36	321	5950
0	7	1	354	8647
0	4	41	868	4407
0	4	97	724	9565
0	6	69	313	1617
0	8	96	711	8282
0	7	42	841	4812
0	6	44	951	3595
0	3	45	422	211
0	0	43	856	474
0	5	63	383	1192
0	2	20	829	4706
0	4	48	129	2720
0	3	57	628	5586
0	2	36	45	7218
0	8	55	350	5597
0	8	60	979	8915
0	3	87	526	8224
0	8	40	349	4987
0	2	15	512	2228
0	1	50	634	8111
0	2	49	629	5204
0	1	3	426	9076
0	1	94	979	5837
0	8	21	308	5313
0	2	47	930	7290
0	8	79	128	5761
0	3	69	824	4434
0	8	31	446	3253
0	6	25	474	483
0	1	60	610	7847
0	0	67	767	9203
0	3	24	828	714
0	5	2	199	3837
0	2	65	211	8769
0	7	91	142	2331
0	2	0	910	3702
0	1	6	54	5165
0	5	36	94	5926
0	5	43	52	3913
0	1	49	629	5639
0	8	0	196	8701
0	7	63	881	8619
0	6	98	477	9941
0	0	55	825	4288
0	7	0	927	7420
0	3	52	827	5539
0	8	16	805	4786
0	8	88	173	7228
0	3	93	896	528
0	2	31	37	7014
0	0	37	526	5340
0	3	43	526	7314
0	1	33	182	6091
0	8	31	506	1179
0	2	62	835	4211
0	2	78	114	4965
0	5	9	353	8522
0	6	33	379	228
0	1	10	560	8218
0	1	34	827	9006
0	5	91	989	8075
0	8	77	47	9004
0	4	56	375	1303
0	8	93	189	1914
0	1	41	259	9357
0	2	48	236	3634
0	1	91	818	5616
0	0	48	32	4523
0	5	82	49	9561
0	6	36	870	1113
0	2	97	661	163
0	3	82	246	8263
0	2	97	472	1315
0	6	94	857	1687
0	3	38	72	4134
0	0	98	119	319
0	0	46	404	7226
0	1	53	596	8921
0	0	85	292	7547
0	1	40	301	9336
0	1	82	353	7518
0	7	23	818	2888
0	4	81	547	8234
0	2	16	535	5193
0	7	54	44	5649
0	5	43	383	2446
0	4	93	649	159
0	1	63	116	5755
0	0	74	481	2674
0	3	4	928	9959
0	2	95	663	6344
0	5	66	190	2333
0	2	80	695	8964
0	4	52	39	7647
0	4	60	99	5829
0	2	22	673	8322
0	5	98	994	1282
0	3	51	917	3028
0	2	68	705	2846
0	1	81	44	2426
0	0	85	508	5723
0	2	65	86	4591
0	2	62	9	690
0	2	83	980	7039
0	8	58	943	7860
0	4	2	81	6407
0	0	82	100	7358
0	7	5	67	5088
0	3	53	397	6911
0	0	68	111	6488
0	6	45	369	6007
0	4	36	750	4430
0	6	90	648	959
0	2	26	916	4242
0	4	51	5	1206
0	2	43	692	6609
0	7	69	19	6688
0	7	45	374	1365
0	3	6	808	3947
0	5	44	500	946
0	1	49	22	2907
0	6	2	472	292
0	1	11	409	3279
0	4	28	717	1873
0	1	53	231	7939
0	3	69	508	691
0	4	49	391	1778
0	6	50	226	804
0	6	19	146	3719
0	6	18	815	6207
0	6	33	988	3231
0	4	5	654	9443
0	0	81	901	799
0	6	93	998	5503
0	4	87	354	8065
0	6	41	564	243
0	1	93	798	1911
0	4	68	173	7006
0	4	46	632	5331
0	4	47	914	8822
0	3	38	284	3495
0	2	90	720	1339
0	6	82	384	4836
0	0	27	932	4454
0	2	17	356	7164
0	2	34	390	7624
0	0	68	344	2646
0	7	84	375	3853
0	0	77	764	8990
0	3	74	871	6593
0	3	27	594	6381
0	1	27	786	1898
0	7	75	64	8467
0	4	36	4	9660
0	3	54	505	5353
0	0	27	295	7989
0	5	4	232	352
0	5	4	615	7132
0	4	77	240	8794
0	2	24	378	5654
0	3	22	432	4922
0	8	9	947	3608
0	6	27	751	5098
0	1	3	334	7303
0	6	4	946	9111
0	1	15	106	3164
0	7	44	618	7546
0	5	97	465	1024
0	3	84	279	1753
0	3	90	969	2878
0	1	44	380	1429
0	6	21	282	5248
0	3	81	690	5800
0	7	27	765	7847
0	4	46	933	1285
0	5	96	47	2965
0	7	61	156	5473
0	4	15	996	3932
0	3	81	141	8400
0	7	39	639	6046
0	6	90	868	2108
0	6	7	735	4783
0	7	64	426	9526
0	4	66	932	2159
0	8	43	458	6026
0	8	17	650	6463
0	4	93	946	149
0	4	48	690	7961
0	5	21	267	5178
0	7	69	187	526
0	4	70	69	3616
0	6	42	699	101
0	4	79	854	4134
0	1	97	820	297
0	7	45	752	7404
0	1	81	801	3247
0	0	14	645	5043
0	5	89	90	4952
0	7	77	985	5853
0	1	96	643	6796
0	6	80	60	9412
0	6	22	86	8864
0	6	16	644	3627
0	0	61	469	6795
0	2	49	851	6713
0	1	62	578	4912
0	3	56	516	1343
0	1	9	726	3769
0	4	77	294	427
0	4	37	657	9744
0	6	46	366	1398
0	1	68	164	2536
0	8	44	112	6110
0	4	10	511	925
0	5	33	815	6277
0	7	88	571	3719
0	2	27	163	7388
0	8	25	763	6426
0	0	35	262	1681
0	5	49	149	4149
0	4	95	669	6953
0	4	6	51	6879
0	0	91	848	4250
0	8	73	524	2670
0	3	2	590	8758
0	7	35	320	1656
0	8	55	46	5917
0	1	14	237	3802
0	1	25	411	6608
0	6	33	32	3353
0	3	11	880	599
0	8	4	190	7603
0	1	56	836	2219
0	0	27	526	5808
0	6	65	660	4400
0	3	4	688	515
0	8	89	823	722
0	8	23	177	5743
0	4	12	134	4284
0	1	66	119	1149
0	3	58	554	7070
0	2	58	219	5682
0	2	35	2	5267
0	3	3	385	3181
0	4	68	731	8189
0	6	67	536	3127
0	1	89	956	8483
0	4	94	613	7161
0	3	90	300	9554
0	0	25	938	1747
0	0	42	762	1311
0	7	86	689	8090
0	4	29	708	8627
0	0	32	330	5562
0	4	58	932	761
0	6	32	299	7386
0	5	67	369	8800
0	3	14	697	8261
0	7	46	536	2772
0	7	92	780	6991
0	7	46	449	3197
0	1	58	137	4953
0	4	94	690	4595
0	8	1	286	5416
0	8	83	382	763
0	8	59	351	8995
0	3	5	694	5931
0	6	72	206	3067
0	7	80	247	4740
0	5	15	828	1798
0	7	39	44	4216
0	2	39	801	1811
0	7	74	767	9062
0	8	72	764	1067
0	5	42	906	6575
0	1	41	499	7253
0	5	40	302	4194
0	4	33	582	5059
0	5	36	831	5997
0	6	32	321	5331
0	2	56	240	6806
0	4	76	313	7308
0	4	17	729	5004
0	7	86	948	7016
0	2	9	362	4453
0	6	76	663	7348
0	4	19	249	5986
0	8	76	731	4836
0	1	88	361	7192
0	2	63	504	8758
0	4	67	232	1828
0	8	33	529	390
0	2	22	360	5294
0	6	63	922	6424
0	8	34	816	5807
0	8	5	742	6057
0	5	21	274	7002
0	0	38	511	1739
0	5	77	949	9124
0	2	2	521	3325
0	5	53	59	5120
0	2	17	712	4924
0	4	41	43	6719
0	2	28	826	4183
0	1	89	478	7573
0	7	81	949	3295
0	3	68	45	1437
0	4	29	499	1768
0	0	13	251	9936
0	8	3	876	9016
0	1	59	820	8682
0	3	70	492	8325
0	3	80	908	7908
0	3	74	551	3687
0	8	55	441	6925
0	6	87	271	2362
0	0	51	933	2618
0	1	72	409	4494
0	3	65	4	8781
0	1	39	14	9810
0	1	36	633	3253
0	7	31	954	610
0	8	72	544	202
0	3	57	993	8547
0	4	92	877	7034
0	5	6	361	6009
0	1	62	737	6188
0	7	14	870	5620
0	5	44	591	9330
0	4	38	406	5313
0	0	14	392	8945
0	8	97	650	4451
0	6	55	837	1820
0	2	53	154	5665
0	1	25	478	8635
0	7	43	316	9393
0	0	36	822	543
0	4	91	523	1655
0	0	70	534	2745
0	8	47	75	2062
0	2	94	120	673
0	1	28	356	1428
0	0	16	567	389
0	5	73	29	8581
0	2	4	907	6697
0	8	71	727	8896
0	0	62	20	2526
0	3	53	560	9316
0	0	44	138	3391
0	3	26	742	1308
0	2	92	574	9127
0	1	79	490	8226
0	1	57	697	1919
0	1	64	119	9329
0	3	37	484	8356
0	3	51	294	536
0	6	70	199	6921
0	2	97	940	4545
0	0	63	165	6156
0	0	15	790	6253
0	6	36	66	1442
0	7	78	557	6685
0	0	11	161	2287
0	4	89	904	3262
0	1	32	431	2351
0	8	34	639	2505
0	0	31	939	4239
0	8	66	254	2895
0	4	26	881	4161
0	8	1	475	6984
0	7	15	48	4957
0	6	20	720	4834
0	0	29	831	9994
0	5	29	615	6928
0	0	93	469	4998
0	3	33	458	6692
0	4	2	63	7407
0	1	54	489	9106
0	4	85	19	7591
0	2	44	919	799
0	4	80	232	416
0	6	76	593	8302
0	2	22	410	9025
0	4	37	648	3917
0	6	41	432	9214
0	3	59	894	7383
0	5	86	942	6035
0	3	10	631	6137
0	5	55	555	3511
0	3	50	108	2193
0	2	25	423	3973
0	0	89	621	4953
0	2	27	384	461
0	2	35	303	7842
0	2	77	526	9798
0	3	58	534	2812
0	8	69	942	349
0	1	8	467	4038
0	2	23	789	7289
0	3	94	543	4510
0	0	9	661	1023
0	8	36	837	3830
0	7	15	265	927
0	7	36	493	2600
0	4	66	173	2341
0	8	7	453	5925
0	8	68	670	875
0	7	68	236	9749
0	7	62	942	5032
0	3	54	689	8467
0	0	11	874	549
0	0	41	893	7030
0	8	31	2	6770
0	0	34	285	1158
0	4	78	261	948
0	5	73	434	7567
0	3	91	898	124
0	8	63	204	6984
0	6	83	785	3705
0	6	48	454	3635
0	2	13	31	760
0	8	8	927	9260
0	5	36	77	172
0	4	40	134	1221
0	8	41	231	7104
0	7	15	322	9970
0	7	96	669	5615
0	8	9	892	7453
0	8	21	508	4009
0	8	21	178	4488
0	0	4	436	1964
0	6	30	170	6614
0	7	55	734	9900
0	8	19	420	4473
0	5	66	382	797
0	0	22	907	2242
0	5	25	873	1981
0	4	33	53	1672
0	7	88	862	3574
0	3	87	535	7013
0	8	87	461	1722
0	6	1	737	5706
0	1	27	148	5627
0	7	20	183	75
0	6	33	741	6864
0	6	5	409	6575
0	1	91	336	7643
0	8	25	641	6988
0	3	68	332	5142
0	7	73	122	2931
0	3	71	96	2206
0	5	81	82	7484
0	7	79	50	2193
0	8	7	891	2378
0	8	21	217	288
0	6	21	281	9297
0	5	22	933	2349
0	4	16	605	7486
0	3	31	174	8333
0	2	41	442	7940
0	3	35	783	1975
0	4	35	330	1880
0	0	71	613	6137
0	8	91	518	1876
0	1	53	750	6353
0	5	36	995	8516
0	0	14	146	5700
0	6	78	344	8334
0	0	70	768	190
0	5	4	9	9275
0	7	64	879	6930
0	6	56	948	1912
0	2	3	466	4982
0	8	91	29	2558
0	2	76	132	3570
0	7	36	208	3429
0	3	96	438	717
0	3	66	469	1214
0	4	59	568	418
0	6	64	490	7441
0	0	41	310	4145
0	7	30	384	4206
0	1	44	572	4927
0	7	21	361	6338
0	5	37	276	6585
0	0	65	789	6797
0	2	41	361	7218
0	1	57	210	517
0	4	80	395	4284
0	6	70	536	5552
0	1	98	372	41
0	6	16	179	6259
0	1	4	585	7432
0	1	68	985	7760
0	5	8	417	9717
0	0	57	336	3786
0	4	5	700	6278
0	3	23	563	5419
0	6	34	680	2121
0	3	73	188	6468
0	7	25	291	4695
0	2	96	280	635
0	0	31	138	9962
0	7	28	476	1260
0	8	89	309	3193
0	1	6	270	3533
0	5	62	685	4689
0	3	84	466	3910
0	2	73	458	6329
0	7	20	972	6689
0	7	47	956	2935
0	2	13	769	476
0	6	50	357	896
0	8	92	530	9444
0	7	32	849	8396
0	0	87	634	9063
0	6	56	39	6242
0	1	73	211	5616
0	8	43	563	9581
0	2	37	154	528
0	5	42	466	1169
0	0	42	935	1205
0	8	54	52	8369
0	4	47	52	185
0	0	11	640	8965
0	2	62	469	9670
0	4	3	108	3971
0	4	15	61	6826
0	4	83	33	5090
0	1	38	788	7675
0	7	86	249	4877
0	2	9	44	1368
0	1	35	787	8310
0	6	16	106	4841
0	0	35	520	4210
0	0	23	97	3086
0	5	21	96	9956
0	4	97	924	8899
0	1	7	283	8579
0	7	94	554	6287
0	2	17	898	5589
0	0	52	240	1515
0	8	6	43	8345
0	6	67	256	8067
0	6	45	489	960
0	6	38	892	6742
0	6	54	609	7132
0	4	1	248	8784
0	5	11	823	2359
0	3	97	892	8296
0	4	38	402	9312
0	1	53	290	5111
0	2	39	547	1084
0	3	90	454	9265
0	5	1	62	5296
0	2	48	189	50
0	3	54	924	8936
0	0	5	170	850
0	4	61	968	8459
0	7	36	676	5609
0	8	41	677	108
0	1	49	218	3337
0	0	46	439	8559
0	7	74	466	1
0	5	63	325	9760
0	1	79	960	2770
0	8	96	282	3088
0	1	84	140	1301
0	3	76	885	3252
0	7	4	565	3250
0	6	77	694	9170
0	5	93	503	8841
0	7	56	525	4765
0	5	83	457	7516
0	1	61	479	8491
0	3	1	733	7307
0	1	21	69	4259
0	7	16	89	5624
0	7	2	981	6092
0	6	32	892	8201
0	0	13	700	5503
0	2	38	384	6988
0	6	83	902	3313
0	2	52	249	6587
0	3	30	839	6254
0	2	83	964	192
0	4	98	157	8220
0	6	84	483	6773
0	3	86	853	1042
0	6	61	126	6680
0	5	19	878	2383
0	0	28	531	2733
0	7	11	63	1600
0	3	65	319	2525
0	8	3	716	2734
0	3	74	107	1362
0	2	44	280	5295
0	5	0	0	7404
0	2	58	247	2663
0	5	21	884	130
0	3	2	284	655
0	0	36	661	3416
0	0	15	389	554
0	0	57	809	5420
0	3	21	837	933
0	1	76	587	9045
0	3	56	544	4310
0	2	42	906	5192
0	6	91	676	6253
0	8	58	245	1986
0	0	72	800	4976
0	6	3	97	1757
0	8	96	630	8974
0	6	54	422	8289
0	6	53	346	9927
0	0	27	189	6811
0	6	38	106	64
0	1	52	222	9730
0	6	10	672	3585
0	7	25	959	1107
0	6	14	67	7993
0	0	28	551	7550
0	8	51	210	5422
0	4	23	130	9593
0	2	93	870	76
0	5	53	927	8156
0	6	96	956	2538
0	4	36	869	6953
0	1	51	646	5562
0	8	55	922	6783
0	8	57	755	7083
0	4	52	930	6217
0	8	91	303	200
0	8	72	863	9219
0	2	10	460	3221
0	1	11	141	1133
0	0	50	451	8265
0	5	66	723	9113
0	3	51	49	7908
0	4	40	846	4519
0	2	23	968	1100
0	3	22	568	2885
0	2	43	943	7859
0	8	18	599	75
0	7	77	990	2758
0	8	94	9	9369
0	8	44	788	6886
0	3	14	97	2822
0	8	47	231	9100
0	4	54	180	2054
0	1	38	775	5511
0	5	60	298	7094
0	2	82	732	9604
0	7	87	985	934
0	7	81	148	8270
0	4	75	322	1263
0	3	41	913	674
0	4	78	823	810
0	7	10	193	9798
0	2	91	279	6236
0	4	32	746	9175
0	6	68	667	8464
0	7	44	211	4036
0	1	23	51	9376
0	5	41	250	7684
0	7	52	390	7257
0	2	32	910	2092
0	3	89	701	5951
0	2	17	114	6372
0	6	84	959	1
0	7	28	267	2053
0	4	40	83	9054
0	7	5	528	4469
0	7	69	212	1495
0	4	56	402	9130
0	4	80	238	7227
0	7	64	939	865
0	1	1	909	7599
0	7	95	335	1632
0	4	13	172	1548
0	5	54	91	9654
0	6	34	829	8726
0	7	71	189	225
0	6	35	542	842
0	5	22	816	9660
0	3	53	337	8496
0	1	9	583	2106
0	6	62	449	1917
0	6	31	161	889
0	8	20	495	1905
0	0	54	729	8153
0	1	63	627	65
0	5	88	163	371
0	5	96	940	2191
0	0	84	397	1024
0	8	30	413	8055
0	3	49	331	1031
0	1	18	308	3117
0	2	19	833	5589
0	5	66	164	8985
0	7	3	269	4700
0	8	47	820	7643
0	8	5	247	8041
0	3	6	516	9169
0	6	18	751	9138
0	1	61	368	7172
0	5	87	474	7979
0	2	82	691	1587
0	2	61	279	6354
0	3	83	528	1195
0	4	93	582	3135
0	6	16	89	6009
0	8	16	359	9921
0	0	63	772	3361
0	3	51	631	6852
0	2	36	176	1165
0	4	18	828	3440
0	4	61	215	541
0	8	96	625	3083
0	1	47	990	4329
0	2	81	711	2446
0	6	49	355	2819
0	0	11	337	5976
0	5	68	593	4399
0	2	46	15	6592
0	0	96	734	7001
0	5	98	726	4038
0	4	95	65	7624
0	8	13	761	1701
0	5	16	279	9627
0	0	60	229	6610
0	6	14	749	6401
0	2	64	100	8853
0	6	63	196	6234
0	8	20	985	7154
0	7	80	851	7993
0	7	24	564	4989
0	4	8	460	5134
0	0	63	263	9580
0	1	85	843	1345
0	6	89	988	7911
0	3	56	845	4298
0	7	2	932	8936
0	5	6	348	7833
0	3	20	618	9241
0	1	51	283	7371
0	5	41	524	582
0	5	36	448	2682
0	3	13	218	7912
0	4	38	869	3665
0	6	83	158	8593
0	3	92	648	1942
0	2	88	225	8066
0	4	93	495	4571
0	0	61	242	6341
0	2	33	241	4660
0	3	88	948	3155
0	3	59	687	380
0	6	28	25	2285
0	2	2	429	6438
0	6	75	967	1591
0	5	88	255	478
0	7	16	180	2840
0	0	40	786	445
0	2	51	451	6713
0	6	36	166	9994
0	7	19	358	8438
0	1	73	734	1703
0	8	43	626	6712
0	5	83	621	9601
0	0	59	579	4630
0	5	33	615	4624
0	6	38	467	5483
0	7	59	231	3568
0	8	38	683	4041
0	1	58	805	4725
0	6	11	234	940
0	4	79	926	4623
0	6	93	254	7408
0	7	23	452	8853
0	7	16	796	9870
0	2	77	131	7584
0	2	16	101	796
0	0	3	23	9519
0	6	71	345	3738
0	0	78	62	8719
0	2	37	982	4180
0	0	60	294	6893
0	3	38	750	9100
0	7	63	8	8047
0	3	60	442	3332
0	0	12	718	2274
0	3	52	981	8526
0	1	76	622	7755
0	7	51	224	2719
0	5	2	433	6822
0	5	14	788	9332
0	3	70	582	2741
0	4	75	169	108
0	4	57	134	7627
0	0	54	204	2343
0	4	33	467	4739
0	8	88	469	3835
0	4	90	391	9408
0	0	92	417	8307
0	7	27	153	7876
0	5	50	197	4135
0	4	3	370	830
0	1	5	80	4082
0	1	42	170	3126
0	3	26	822	9683
0	8	20	596	5535
0	1	20	301	711
0	3	40	642	2062
0	6	23	619	5055
0	7	90	646	4450
0	3	19	705	783
0	6	58	321	9236
0	6	49	659	2926
0	4	55	456	1466
0	4	22	48	7284
0	0	11	102	7841
0	2	68	893	3740
0	7	73	31	7393
0	8	87	444	7179
0	1	20	118	6459
0	2	73	183	4216
0	2	0	951	6512
0	4	90	420	783
0	6	48	352	4325
0	6	55	87	4141
0	2	44	624	3127
0	2	81	538	647
0	5	45	275	7976
0	7	35	734	4118
0	2	73	675	537
0	2	70	147	7435
0	1	83	931	8253
0	7	76	46	1367
0	3	76	945	1518
0	0	26	102	2962
0	8	1	588	1052
0	0	96	542	8635
0	1	45	122	3674
0	0	41	231	4696
0	6	18	880	3691
0	7	34	768	9706
0	1	61	936	5479
0	3	75	202	4510
0	4	83	147	2633
0	5	15	112	8527
0	6	95	969	3378
0	2	92	968	2057
0	7	81	724	3850
0	4	67	1	772
0	8	81	413	9236
0	6	2	562	1893
0	4	42	184	6571
0	1	79	365	5750
0	0	91	982	2676
0	2	90	256	2479
0	5	34	171	1474
0	2	34	326	7385
0	2	70	513	3126
0	2	77	446	9450
0	7	69	62	1505
0	4	44	189	3663
0	2	48	593	8468
0	7	52	712	9758
0	0	19	954	5030
0	5	23	540	1569
0	7	76	534	2722
0	6	20	543	7664
0	3	20	83	205
0	7	22	656	7978
0	6	62	774	2362
0	0	37	964	5478
0	5	56	145	7685
0	7	22	431	9423
0	1	13	885	9989
0	7	39	11	1901
0	1	37	262	7952
0	7	7	855	3368
0	0	32	979	5541
0	7	20	987	3385
0	1	75	856	5722
0	6	12	393	4778
0	4	20	550	5278
0	5	16	760	3876
0	7	90	478	2111
0	4	12	252	7955
0	5	5	17	6355
0	3	25	649	3585
0	5	46	297	5341
0	7	75	530	1064
0	3	3	97	4618
0	3	15	359	6846
0	1	21	439	4727
0	5	49	690	3087
0	1	65	791	8188
0	8	40	394	1341
0	8	73	949	4656
0	7	42	326	2493
0	6	59	937	9005
0	2	91	34	6443
0	5	63	701	2054
0	1	22	431	2950
0	0	29	717	1923
0	8	18	846	1322
0	7	44	862	2375
0	2	40	322	1913
0	6	57	577	4805
0	8	79	126	1910
0	0	48	179	6863
0	4	88	557	347
0	4	0	832	5295
0	1	22	754	4168
0	1	1	670	5126
0	0	19	383	575
0	5	38	234	8045
0	8	89	149	8819
0	2	29	354	113
0	1	41	251	4401
0	0	15	517	2406
0	7	76	651	5454
0	0	17	501	7048
0	4	16	614	8606
0	0	89	730	3884
0	1	36	659	1776
0	7	66	25	3277
0	1	55	241	2073
0	7	75	54	4699
0	7	38	974	7933
0	6	95	567	6148
0	4	35	710	3706
0	7	30	727	4378
0	2	59	269	8202
0	6	57	142	8238
0	8	60	164	6301
0	1	78	835	9524
0	2	0	724	614
0	1	98	487	9796
0	7	34	413	4330
0	1	79	850	4106
0	8	45	385	8242
0	2	23	689	6260
0	6	80	402	985
0	1	67	858	3993
0	3	23	360	2969
0	4	97	504	1560
0	6	4	94	2039
0	0	13	228	1789
0	6	27	858	3255
0	5	45	345	8023
0	8	27	746	5777
0	3	2	229	8709
0	3	61	565	5072
0	1	43	80	4385
0	3	91	959	2594
0	2	97	225	8430
0	8	8	105	7662
0	2	45	201	6249
0	1	73	997	3131
0	4	46	799	7178
0	0	42	487	3980
0	5	9	708	8419
0	3	77	246	3139
0	2	0	476	3765
0	0	64	570	6658
0	0	36	411	1023
0	4	78	31	3290
0	2	64	295	8855
0	1	35	617	820
0	0	14	163	9203
0	2	45	864	4544
0	0	81	3	645
0	1	35	852	7046
0	6	24	267	5529
0	8	47	861	4639
0	2	58	932	16
0	1	22	771	8671
0	3	50	955	8260
0	1	72	161	1805
0	5	49	630	1927
0	0	95	21	7866
0	0	0	626	7583
0	8	52	578	638
0	3	55	586	2939
0	1	41	707	3551
0	0	42	258	4814
0	6	54	531	2953
0	7	50	812	2796
0	3	88	459	2647
0	7	28	529	6084
0	3	96	331	9974
0	3	29	666	8209
0	1	36	239	4504
0	4	72	578	3115
0	5	27	143	1976
0	2	98	528	2745
0	4	9	708	4138
0	7	7	892	6848
0	2	64	823	1601
0	3	43	326	6541
0	6	19	56	6052
0	4	10	688	6146
0	1	23	48	8768
0	7	52	908	4681
0	8	32	674	3258
0	1	68	909	3408
0	0	12	841	4697
0	0	54	446	1931
0	4	19	585	3252
0	8	82	722	6503
0	4	4	795	3858
0	2	14	325	1119
0	8	82	349	5669
0	1	54	374	6078
0	4	69	911	5641
0	7	22	57	803
0	2	97	632	2476
0	8	24	162	8594
0	6	72	589	3599
0	5	84	811	6705
0	4	51	692	4679
0	7	68	920	5156
0	8	14	478	4915
0	5	85	650	766
0	2	39	218	8271
0	2	41	340	6891
0	5	84	179	3511
0	4	47	926	3993
0	1	46	233	3741
0	8	49	721	6695
0	7	90	971	2117
0	7	63	289	1376
0	1	57	410	4424
0	8	12	20	886
0	3	17	916	6058
0	1	89	85	7682
0	7	80	649	5877
0	1	29	478	756
0	8	42	250	1196
0	1	98	953	712
0	1	10	201	8841
0	3	47	46	6637
0	3	13	279	1831
0	7	90	550	6093
0	3	0	139	2716
0	5	80	909	7472
0	6	13	608	6896
0	5	97	491	6774
0	4	4	73	6067
0	3	84	198	496
0	1	82	303	5062
0	8	55	484	2329
0	8	53	837	5653
0	7	94	500	9978
0	3	39	853	3095
0	8	90	57	5507
0	0	35	559	8452
0	8	22	751	8189
0	3	38	702	1083
0	8	79	511	2194
0	5	72	473	6467
0	8	27	675	4782
0	4	42	519	5153
0	7	28	602	892
0	5	39	414	7251
0	7	59	436	2794
0	8	17	406	157
0	4	19	782	3129
0	0	86	914	5132
0	5	59	656	2936
0	5	18	736	5423
0	8	96	116	3975
0	0	5	421	9573
0	6	29	16	7254
0	6	87	386	69
0	3	6	560	3872
0	1	10	645	4728
0	3	98	994	6966
0	6	2	770	648
0	5	14	718	2378
0	4	83	911	9044
0	5	85	74	7292
0	3	67	921	4708
0	3	35	468	6280
0	3	78	293	7271
0	6	7	775	9385
0	2	27	244	1789
0	1	12	571	5725
0	3	30	527	7575
0	3	65	947	2872
0	1	90	83	9501
0	0	1	1	5625
0	0	93	342	9237
0	5	33	602	6237
0	7	27	322	6517
0	6	31	475	6489
0	4	92	40	9031
0	4	44	728	8257
0	1	50	259	1201
0	2	77	673	4165
0	0	5	385	1194
0	4	66	714	6624
0	1	72	790	9722
0	7	8	525	2350
0	8	95	731	3879
0	5	58	177	9791
0	8	14	804	6222
0	0	7	377	190
0	0	57	890	8340
0	3	17	576	8452
0	4	21	814	2569
0	2	42	521	8968
0	8	1	369	5746
0	7	89	455	8859
0	4	77	989	5249
0	2	77	663	4600
0	2	94	231	8245
0	4	3	953	7038
0	4	88	235	326
0	5	23	477	7404
0	8	69	901	1494
0	3	79	38	1411
0	3	24	197	3030
0	8	61	962	732
0	8	13	640	7648
0	1	52	519	1131
0	5	90	157	8803
0	1	4	399	8263
0	3	96	248	9388
0	4	40	416	5
0	3	79	74	2429
0	2	0	352	2165
0	6	7	132	6629
0	2	52	583	2152
0	7	9	877	6097
0	6	4	582	509
0	8	9	479	3526
0	7	21	682	2320
0	4	9	678	2282
0	6	66	89	3450
0	1	36	259	2356
0	8	28	212	4851
0	8	7	610	2419
0	8	35	348	9684
0	4	16	667	5293
0	3	83	319	9250
0	8	12	730	4285
0	4	12	898	3539
0	8	86	273	7872
0	1	1	965	6194
0	8	33	95	944
0	5	56	893	949
0	4	78	722	7605
0	2	58	292	3975
0	2	16	575	1681
0	4	91	364	6836
0	2	9	811	5106
0	8	8	733	485
0	3	93	763	5100
0	5	4	778	6077
0	1	48	868	2072
0	5	73	556	9111
0	5	5	131	9824
0	8	53	1	8701
0	7	24	140	1264
0	4	12	727	5922
0	3	55	302	793
0	4	33	619	6373
0	0	31	410	8242
0	7	64	980	3075
0	8	97	708	9823
0	8	66	389	2181
0	5	91	193	9508
0	8	6	38	3825
0	7	2	737	1866
0	7	8	860	4802
0	0	87	77	3076
0	7	12	187	7734
0	3	18	478	8342
0	6	74	69	2531
0	8	13	153	3929
0	2	52	292	869
0	2	30	963	3480
0	2	91	595	3117
0	4	9	584	4844
0	5	46	258	6743
0	4	81	959	1536
0	6	18	115	1533
0	2	52	991	8810
0	7	73	442	6637
0	1	22	612	7610
0	1	98	861	883
0	3	45	0	7331
0	6	27	743	7435
0	7	53	581	9584
0	0	69	140	179
0	8	37	190	3358
0	1	9	884	1961
0	2	1	479	6552
0	8	67	601	3184
0	7	74	584	5036
0	2	97	906	7958
0	6	34	709	6947
0	1	66	778	6128
0	8	2	945	3366
0	4	36	166	8814
0	8	72	358	931
0	8	89	741	8024
0	0	49	353	6549
0	2	91	556	856
0	4	64	810	557
0	7	60	225	2061
0	2	42	848	1726
0	4	92	774	4037
0	0	51	820	5178
0	5	51	153	8152
0	7	40	752	782
0	4	31	499	6714
0	0	69	268	9686
0	7	90	463	9592
0	0	6	942	4934
0	1	91	600	8879
0	0	90	44	2059
0	4	51	942	2267
0	6	18	344	6316
0	5	44	626	1644
0	2	20	801	2446
0	3	53	535	1257
0	7	53	230	3605
0	4	19	281	581
0	1	21	855	6023
0	3	26	814	225
0	6	17	907	8539
0	7	55	284	2972
0	4	90	312	6353
0	5	19	853	1906
0	0	90	450	1787
0	1	64	671	8866
0	3	7	595	9930
0	8	38	522	9918
0	2	54	946	9723
0	5	70	406	2070
0	6	98	747	3562
0	4	96	514	3032
0	0	63	900	6108
0	4	48	288	8740
0	7	48	667	1185
0	6	2	372	8472
0	6	80	787	7037
0	8	18	655	2454
0	4	93	835	9647
0	6	86	730	3555
0	7	8	256	1335
0	2	82	880	1707
0	8	36	392	7404
0	2	26	319	9233
0	8	27	507	4934
0	1	56	195	1433
0	6	78	573	491
0	4	78	456	122
0	4	74	195	2014
0	5	0	429	6515
0	5	4	271	347
0	1	91	103	2136
0	3	56	432	9487
0	0	94	584	8282
0	5	10	675	4042
0	1	45	882	2857
0	8	57	974	7150
0	6	17	989	5555
0	0	83	405	4358
0	1	12	921	8456
0	0	87	116	7626
0	4	80	872	7920
0	6	7	436	1489
0	7	50	735	5317
0	6	30	161	8243
0	2	53	823	4256
0	4	52	108	3790
0	3	11	948	6863
0	1	69	479	6711
0	7	46	943	3438
0	8	97	399	419
0	0	78	454	8046
0	0	29	824	5146
0	5	32	791	7823
0	2	3	773	7280
0	6	54	51	81
0	5	89	705	9256
0	6	81	348	9353
0	8	32	507	203
0	0	62	901	2853
0	2	82	496	7451
0	4	36	779	2133
0	8	54	723	4989
0	3	37	929	8521
0	2	31	83	416
0	2	62	400	614
0	5	82	531	2961
0	2	87	58	9148
0	6	78	109	7752
0	3	66	656	7319
0	3	97	698	7605
0	6	64	225	6961
0	8	47	529	6822
0	7	6	853	677
0	5	15	960	2279
0	3	75	409	6648
0	1	59	677	4934
0	7	68	69	6069
0	5	86	77	3513
0	2	30	875	1646
0	5	13	14	1090
0	4	82	476	3932
0	0	7	330	1275
0	4	41	557	7818
0	7	16	987	3339
0	1	10	105	138
0	8	95	609	7899
0	1	4	412	4178
0	5	92	172	9491
0	8	28	117	9685
0	8	66	33	7032
0	8	73	668	8526
0	3	62	615	1819
0	8	19	757	3604
0	0	11	317	7048
0	6	92	417	3817
0	8	82	876	4219
0	5	91	849	11
0	8	80	194	4549
0	6	59	985	3554
0	7	58	506	8912
0	0	78	611	2155
0	1	24	930	516
0	4	4	754	7318
0	8	82	466	4415
0	4	40	891	2795
0	7	80	164	3967
0	0	41	862	9349
0	3	7	961	447
0	3	65	241	7480
0	0	69	739	2578
0	8	20	694	1537
0	5	49	437	2996
0	1	76	788	5435
0	1	59	252	9356
0	4	65	144	7917
0	0	86	612	5573
0	1	54	861	8838
0	5	67	556	2096
0	5	77	784	6647
0	0	82	698	8524
0	3	34	590	711
0	2	49	173	6756
0	1	44	33	1926
0	2	53	67	4316
0	3	60	490	3806
0	7	37	170	7326
0	8	34	662	118
0	6	52	59	3817
0	4	18	364	1876
0	3	93	367	3672
0	4	9	565	4312
0	3	94	976	5613
0	3	19	298	4188
0	8	12	320	1631
0	2	78	162	29
0	7	57	191	6983
0	7	90	203	5599
0	0	18	25	961
0	1	64	871	9012
0	1	56	445	4662
0	7	87	483	5121
0	8	82	566	550
0	7	6	601	7658
0	6	64	273	557
0	0	43	537	1489
0	0	69	745	5576
0	6	49	885	7712
0	1	97	119	329
0	3	37	21	9255
0	3	26	671	5943
0	8	78	536	436
0	6	69	611	9966
0	5	75	563	2700
0	1	23	569	2363
0	6	24	397	5865
0	6	37	54	8088
0	6	60	739	9689
0	4	56	60	5983
0	4	87	114	3488
0	0	76	823	3148
0	7	51	147	1238
0	8	95	398	7801
0	3	72	800	8761
0	1	68	445	5426
0	8	6	438	9432
0	3	49	962	374
0	7	26	636	3992
0	4	96	641	5032
0	1	67	706	2917
0	8	88	227	3005
0	5	51	87	1278
0	8	53	191	8039
0	7	69	512	5138
0	1	56	688	8936
0	6	18	464	179
0	6	11	51	6627
0	8	24	153	4514
0	1	65	69	9474
0	5	7	170	6956
0	3	62	175	5352
0	4	91	459	5418
0	5	84	425	7393
0	7	30	505	5319
0	8	68	23	9700
0	6	8	994	1339
0	5	54	622	1186
0	5	4	796	7790
0	1	67	454	2611
0	7	12	401	7169
0	7	89	629	2861
0	1	42	278	5759
0	5	61	548	8408
0	7	83	28	663
0	2	13	797	6103
0	5	30	994	5417
0	4	87	466	97
0	3	60	760	8059
0	3	54	350	9410
0	8	82	109	6711
0	4	28	186	978
0	0	41	578	3998
0	2	35	914	7989
0	2	79	377	9017
0	8	11	91	9136
0	2	89	323	8509
0	8	95	841	779
0	3	23	860	5765
0	1	14	476	4606
0	0	62	911	254
0	8	28	749	4304
0	4	76	370	9958
0	3	52	90	7254
0	4	13	175	3280
0	1	6	876	5278
0	0	19	114	6956
0	8	20	889	4619
0	4	60	499	8046
0	3	21	910	6329
0	1	85	344	8812
0	2	70	900	6799
0	2	10	540	773
0	0	28	341	6154
0	7	30	450	6790
0	7	91	568	1437
0	1	42	139	2259
0	1	58	164	2208
0	2	80	754	3116
0	4	3	618	319
0	2	13	514	3201
0	8	63	863	1410
0	7	30	804	2879
0	3	54	93	8782
0	1	96	497	983
0	0	8	183	1897
0	0	64	903	7919
0	3	86	820	9492
0	6	5	743	2677
0	3	87	764	5267
0	3	2	17	5681
0	6	65	374	2931
0	2	14	234	1155
0	7	76	387	5640
0	7	18	465	1769
0	5	28	409	4435
0	6	82	982	2501
0	7	36	579	308
0	4	48	299	638
0	1	42	482	549
0	2	57	209	8219
0	3	34	362	9450
0	3	11	103	7348
0	2	67	749	8992
0	2	60	703	5606
0	0	42	272	5721
0	0	60	37	430
0	1	1	842	9447
0	1	1	436	7929
0	2	39	510	5128
0	3	3	461	1349
0	2	13	669	2714
0	8	3	374	6539
0	1	31	985	4229
0	5	65	482	1497
0	7	98	591	7522
0	8	39	169	7708
0	5	30	105	999
0	2	85	412	8597
0	5	44	631	1968
0	6	16	588	7849
0	5	85	148	4279
0	1	8	7	6482
0	8	31	822	9004
0	1	63	536	1502
0	8	27	191	8251
0	2	59	233	3440
0	8	46	519	4003
0	7	63	770	8559
0	7	6	251	5660
0	7	86	721	6134
0	7	19	698	6779
0	8	38	614	5112
0	2	98	543	5065
0	0	85	448	5772
0	8	98	318	2301
0	2	39	815	787
0	0	44	204	7785
0	0	98	880	3331
0	1	38	970	300
0	0	83	715	2914
0	2	2	61	6262
0	3	49	359	3014
0	8	84	808	9453
0	3	33	47	492
0	8	16	841	6093
0	6	83	400	8558
0	1	70	934	9783
0	2	46	946	8674
0	6	68	532	7156
0	6	14	567	1752
0	8	63	536	6524
0	0	54	680	3018
0	7	22	293	8234
0	6	92	78	7111
0	0	18	935	4520
0	5	49	484	6486
0	8	50	30	2135
0	6	63	456	8524
0	3	11	973	6628
0	4	56	282	7795
0	4	48	896	6241
0	8	29	672	3408
0	2	92	615	4490
0	6	47	440	1308
0	6	15	839	764
0	1	91	652	8373
0	6	84	974	2095
0	6	59	44	8549
0	0	88	533	1705
0	6	22	664	2395
0	4	43	478	3046
0	2	90	314	9550
0	0	71	24	6991
0	1	26	288	4083
0	3	22	80	43
0	7	87	585	4667
0	5	11	407	2642
0	4	93	16	1409
0	7	35	251	3343
0	1	77	658	1382
0	0	8	302	3162
0	7	96	506	1450
0	8	32	340	4400
0	5	28	595	2979
0	2	87	585	8562
0	8	49	276	8921
0	1	76	798	1049
0	1	38	615	698
0	5	11	451	9028
0	2	87	772	7677
0	4	92	616	76
0	8	59	348	5270
0	1	17	164	2669
0	6	85	232	6149
0	3	6	507	6578
0	7	32	4	3433
0	5	75	885	4523
0	1	90	482	257
0	2	89	766	3565
0	3	65	138	7811
0	7	13	147	4234
0	4	33	246	6611
0	5	54	452	7362
0	5	85	890	1227
0	5	60	253	2277
0	7	75	533	8987
0	1	71	476	5894
0	0	69	660	4920
0	0	69	268	398
0	0	7	446	820
0	1	47	320	6302
0	0	75	289	5142
0	5	2	953	2271
0	7	77	379	2285
0	6	2	884	8121
0	7	87	258	834
0	7	27	374	1207
0	5	78	402	9170
0	6	26	873	3114
0	1	38	545	1818
0	8	67	175	8431
0	1	17	491	4772
0	0	96	612	8671
0	7	82	58	1101
0	5	3	442	922
0	4	3	121	6832
0	6	14	62	6116
0	2	77	328	5446
0	3	91	603	7089
0	6	4	828	1264
0	5	41	467	4840
0	8	4	470	1325
0	0	36	75	9457
0	0	95	638	2203
0	2	87	361	2552
0	3	94	328	1736
0	7	69	172	1191
0	4	59	556	29
0	3	64	708	6656
0	5	39	159	3171
0	4	65	3	850
0	2	10	747	4541
0	4	13	448	8313
0	7	65	675	3121
0	1	87	845	6826
0	8	16	52	8018
0	5	54	933	5537
0	6	14	220	9616
0	4	94	454	8771
0	2	80	527	234
0	7	50	484	1435
0	3	60	348	7203
0	4	96	737	6588
0	6	47	98	107
0	2	42	406	9886
0	0	0	180	7511
0	8	48	219	6940
0	6	56	187	6003
0	0	75	509	4540
0	2	41	541	5612
0	1	58	17	7267
0	6	17	695	9380
0	8	45	12	6937
0	1	94	810	8308
0	4	12	334	1584
0	1	31	92	1072
0	5	87	858	45
0	0	81	226	4357
0	3	90	367	1102
0	6	50	567	8283
0	5	20	385	7529
0	5	54	90	3534
0	7	60	34	2825
0	0	31	553	5843
0	3	21	765	6655
0	8	47	879	9651
0	8	45	605	3862
0	8	75	419	3775
0	3	59	818	9268
0	2	39	779	2635
0	0	54	946	5591
0	1	10	304	2287
0	5	97	846	1421
0	4	51	403	2180
0	5	56	121	3976
0	5	40	254	1309
0	2	50	583	9691
0	4	5	340	917
0	0	94	441	8894
0	1	26	811	4232
0	4	46	881	6530
0	2	52	177	7745
0	5	42	226	5195
0	3	89	613	5050
0	1	47	988	6054
0	0	52	561	8361
0	3	21	705	6123
0	4	34	847	6099
0	0	32	506	2720
0	4	11	792	8807
0	2	84	134	5965
0	3	50	610	250
0	1	65	882	3924
0	0	44	886	8790
0	2	80	164	7675
0	2	86	367	2162
0	6	89	766	25
0	8	26	489	3121
0	2	60	786	5937
0	0	49	304	877
0	1	63	269	7338
0	2	16	452	1529
0	8	57	327	3164
0	5	62	116	8759
0	4	65	855	5291
0	5	14	448	7140
0	1	1	89	1651
0	4	16	159	4984
0	0	20	507	9640
0	2	96	250	547
0	5	41	689	799
0	5	64	390	7753
0	2	49	427	8292
0	1	81	916	7577
0	6	53	722	4386
0	3	94	135	4347
0	8	34	478	5939
0	7	72	147	2092
0	8	29	701	2029
0	6	64	703	8659
0	3	83	939	900
0	8	13	835	7994
0	1	16	314	492
0	2	48	822	4824
0	8	57	722	8367
0	1	94	479	8168
0	4	35	191	6986
0	3	45	208	8392
0	0	21	687	1290
0	4	94	696	4506
0	1	94	232	852
0	2	85	956	8628
0	4	11	150	7617
0	0	52	559	5598
0	7	46	791	8970
0	6	76	724	2910
0	3	65	727	4322
0	6	47	600	623
0	0	91	602	9476
0	4	85	235	3963
0	6	42	850	2752
0	5	33	293	1858
0	7	50	344	3299
0	8	91	996	1045
0	5	15	210	9435
0	2	2	67	7685
0	3	85	133	6974
0	4	47	407	5376
0	1	75	933	9778
0	0	13	834	586
0	0	10	111	4036
0	2	59	873	2261
0	8	26	390	163
0	1	26	144	4529
0	2	8	416	8668
0	5	81	831	8530
0	2	19	623	4280
0	6	42	326	7237
0	8	27	759	8505
0	0	41	30	7152
0	0	37	23	3327
0	0	20	991	941
0	0	25	705	5781
0	4	46	891	945
0	7	71	270	6539
0	7	69	498	6334
0	2	21	336	5437
0	2	37	716	862
0	3	17	817	8539
0	2	13	938	4914
0	4	21	952	6407
0	0	60	387	1292
0	5	44	232	6773
0	0	69	16	9706
0	0	50	384	3919
0	8	57	161	7791
0	2	72	802	8975
0	1	36	236	894
0	2	5	568	3168
0	1	48	736	8754
0	1	50	790	3062
0	2	16	398	8787
0	1	6	329	2598
0	7	74	181	3225
0	1	40	543	4899
0	3	15	745	1267
0	3	57	731	3338
0	3	60	885	9179
0	8	55	72	88
0	2	82	491	3427
0	1	0	916	6332
0	8	90	814	3415
0	0	4	202	4368
0	2	23	622	3696
0	1	37	425	4360
0	7	73	192	2490
0	7	92	839	1613
0	1	56	761	1381
0	7	11	908	3353
0	1	10	657	154
0	1	70	701	6295
0	2	32	580	9760
0	2	68	45	3028
0	7	13	933	4651
0	2	0	597	1051
0	0	20	149	6948
0	4	71	814	4026
0	3	72	400	27
0	8	54	385	7842
0	6	76	383	7194
0	4	21	855	364
0	0	5	176	2488
0	8	90	501	7564
0	4	28	185	2962
0	7	78	76	5713
0	0	30	45	4046
0	7	41	931	5812
0	1	36	808	635
0	1	88	649	3226
0	4	96	722	5900
0	1	17	19	4062
0	1	88	566	1141
0	3	85	256	9315
0	8	19	940	13
0	3	12	908	6419
0	5	21	682	5258
0	4	92	133	2503
0	1	3	748	9615
0	6	77	444	6639
0	3	2	42	7438
0	1	11	126	9769
0	8	46	864	4518
0	3	32	623	7200
0	1	80	889	2798
0	4	60	518	752
0	4	33	221	9833
0	1	98	39	1329
0	8	32	333	4778
0	7	6	340	9860
0	0	53	425	755
0	4	7	716	3556
0	0	26	196	225
0	7	57	320	3243
0	1	96	936	1121
0	4	54	100	4769
0	3	36	397	539
0	0	27	981	5168
0	1	93	32	582
0	2	70	924	1174
0	8	16	632	9976
0	5	90	474	6482
0	3	85	662	6818
0	0	3	917	2701
0	7	74	730	5798
0	0	6	603	8413
0	3	13	826	703
0	3	95	132	2640
0	4	96	736	918
0	3	16	295	319
0	7	71	577	862
0	5	0	779	8356
0	4	27	421	1671
0	4	17	442	5380
0	0	30	122	7139
0	5	6	311	6052
0	6	77	679	7715
0	2	63	62	6973
0	4	5	70	7381
0	4	8	13	2494
0	0	68	402	8416
0	2	57	214	8136
0	8	13	449	7632
0	7	94	317	224
0	0	15	534	1380
0	0	10	386	8754
0	1	49	417	4994
0	3	49	650	3502
0	7	35	369	5505
0	0	43	169	5576
0	3	18	294	4676
0	7	49	720	7064
0	5	32	362	3642
0	6	4	957	3078
0	7	52	638	1348
0	1	5	811	9440
0	4	10	280	1492
0	0	65	185	2052
0	2	98	944	3663
0	8	6	18	3992
0	3	79	480	3953
0	1	70	241	4526
0	3	4	516	3932
0	7	8	620	5625
0	3	87	402	1489
0	1	34	357	1072
0	1	12	931	1678
0	1	63	83	9204
0	3	98	419	9628
0	5	18	720	642
0	5	69	96	3282
0	1	67	821	9627
0	7	75	934	362
0	2	83	545	915
0	8	60	857	9852
0	5	88	189	3324
0	0	91	932	1252
0	7	8	275	4847
0	6	38	839	6826
0	8	26	21	6757
0	7	49	444	2006
0	0	56	853	3086
0	6	75	460	5405
0	2	79	806	5648
0	4	58	811	6164
0	4	27	99	6753
0	3	84	619	6672
0	8	67	810	7656
0	4	90	3	388
0	6	83	283	1918
0	5	73	828	3232
0	5	71	483	4342
0	5	54	524	6444
0	8	77	64	7164
0	1	77	104	1550
0	6	41	926	9516
0	0	12	421	9818
0	2	89	755	4810
