173
288
513
317
489
35
932
471
271
893
402
979
607
419
519
51
854
735
437
24
148
836
327
481
608
468
967
399
767
635
659
659
923
891
695
413
645
347
884
916
242
6
897
849
426
136
619
0
871
57
25
738
893
71
938
502
258
906
621
744
261
281
405
185
174
819
317
819
168
921
737
410
927
354
978
73
209
598
74
799
655
817
257
268
607
196
771
866
821
112
611
84
393
735
269
286
556
587
825
724
509
563
853
156
636
832
230
564
150
23
364
805
559
621
792
167
536
564
34
358
676
365
442
789
101
712
76
657
19
901
101
247
184
954
403
539
506
633
104
656
375
468
181
934
808
974
821
64
258
574
423
654
939
865
163
760
297
239
418
35
860
239
282
763
194
686
304
701
39
408
77
415
596
977
69
124
952
609
189
929
185
331
584
843
915
747
604
214
706
742
967
286
981
251
50
894
656
73
315
695
201
393
829
797
371
899
640
43
509
548
972
413
879
277
258
796
25
581
729
450
43
697
736
25
667
506
639
324
579
954
21
780
67
569
297
157
188
657
918
417
206
892
830
805
888
807
321
632
390
51
84
433
467
539
178
136
46
817
179
345
491
200
844
559
489
861
716
677
519
636
95
725
248
926
250
137
453
571
488
562
341
572
715
809
831
893
664
596
430
843
941
921
763
787
200
253
649
917
649
887
273
745
332
240
391
583
96
844
155
584
408
216
876
842
26
708
736
409
305
885
971
248
807
735
754
9
707
123
645
358
11
637
822
343
877
214
645
692
777
520
277
904
736
872
747
481
581
203
890
887
89
862
854
897
318
328
625
744
170
271
821
899
627
644
961
224
577
608
916
356
129
912
979
584
786
728
66
87
650
956
693
740
538
548
357
856
595
982
602
765
972
424
384
319
788
347
543
366
955
179
441
803
92
422
388
597
869
454
685
520
130
379
979
668
647
337
245
243
39
566
728
730
709
113
50
498
179
312
865
135
491
26
657
303
448
764
900
37
219
305
558
68
685
257
737
52
595
982
14
353
549
742
85
259
575
853
477
754
167
62
609
658
88
985
961
256
751
582
293
689
887
570
758
292
828
496
344
143
198
359
496
747
102
300
725
396
873
203
870
41
265
480
418
73
466
100
329
936
401
622
627
289
194
386
582
741
882
926
884
799
286
100
266
108
401
991
223
275
914
94
35
898
293
172
971
479
990
20
416
392
643
44
401
556
430
702
298
32
629
183
550
635
283
816
462
403
528
685
397
443
499
151
61
792
324
752
990
34
772
408
427
135
171
547
691
321
250
708
72
598
891
623
234
894
440
415
298
968
820
415
131
320
566
911
831
609
664
823
644
156
950
790
292
122
338
702
443
588
412
235
187
23
858
141
917
18
275
935
987
96
70
837
416
636
749
967
247
133
791
610
9
461
401
20
583
458
722
746
47
853
700
952
596
559
812
233
577
89
887
284
185
957
841
321
595
310
289
561
444
799
172
172
979
573
192
563
32
633
29
797
488
448
469
803
8
283
37
305
91
925
308
994
883
868
316
198
180
324
759
343
842
931
515
822
505
426
106
256
60
853
772
267
303
243
71
30
245
109
335
336
753
363
331
637
950
367
836
131
691
596
193
254
248
708
77
472
135
183
729
914
38
502
182
341
745
972
90
709
82
145
46
554
508
97
192
459
464
747
310
874
64
503
847
312
931
925
784
785
827
233
700
865
736
602
925
201
575
17
911
376
880
676
930
389
492
841
567
675
590
596
270
654
101
118
685
33
44
470
537
872
704
239
457
160
560
103
80
136
838
710
231
719
388
162
827
880
4
395
557
313
992
827
686
812
664
91
564
709
562
102
301
985
60
758
864
620
580
944
475
419
375
706
857
763
868
685
363
592
800
639
624
512
186
31
44
851
122
608
280
684
429
581
389
490
59
972
829
640
637
306
778
13
13
637
495
601
42
577
912
561
218
537
74
123
568
118
693
691
445
973
95
875
555
204
85
334
895
914
693
533
221
191
265
953
547
760
274
590
58
187
152
994
443
945
118
13
782
812
423
229
505
518
105
780
441
908
115
338
823
808
590
764
718
856
437
267
336
711
576
394
898
728
389
342
393
227
74
177
758
497
406
264
735
230
45
895
139
878
234
681
406
825
446
126
401
883
393
456
314
969
851
213
417
959
275
811
905
68
707
664
285
832
648
21
781
693
916
920
573
870
321
979
415
487
106
816
371
218
991
405
188
843
337
325
523
612
137
148
400
844
813
685
396
462
425
178
874
342
817
448
931
139
148
347
626
972
882
717
192
875
123
99
438
460
424
680
792
280
829
193
843
362
878
240
824
304
418
418
365
236
586
17
95
734
83
721
426
966
439
618
561
281
437
718
742
861
119
254
143
948
447
705
311
45
946
854
68
365
991
152
321
578
169
416
32
253
138
459
938
297
796
219
297
234
656
758
97
775
13
958
724
179
664
754
224
330
328
11
415
321
164
736
899
333
153
932
305
10
111
244
26
907
182
43
143
839
801
958
615
815
636
60
994
20
814
938
351
144
949
766
465
832
222
84
167
375
735
191
104
846
155
849
755
337
892
898
177
694
576
512
229
213
572
943
951
387
601
303
250
551
788
434
385
11
519
271
105
255
462
928
821
617
778
577
674
671
195
851
85
771
83
34
703
655
977
655
44
579
678
13
849
467
448
953
198
967
943
303
941
126
232
763
462
729
60
137
401
255
708
206
745
791
240
449
448
936
106
211
235
503
224
85
970
672
758
169
359
702
192
21
547
143
784
11
873
564
866
993
819
575
200
566
87
159
16
535
814
840
465
50
344
408
854
35
82
613
922
160
35
115
181
302
259
685
313
851
250
180
845
788
475
765
355
562
924
91
816
740
650
282
509
995
690
364
749
491
696
672
371
451
507
552
753
485
956
785
337
925
684
183
715
160
948
789
441
593
880
258
53
532
259
562
247
669
646
715
879
343
388
251
513
614
523
267
100
199
771
437
126
457
340
560
336
289
350
778
882
232
755
654
483
16
218
449
404
864
165
284
926
272
255
441
887
778
427
706
977
200
145
822
376
485
383
712
493
734
491
96
685
966
750
169
982
687
618
106
552
502
109
199
774
364
640
381
861
786
89
840
705
952
382
82
157
766
514
369
220
724
465
905
691
935
793
393
623
131
499
895
633
609
95
127
973
454
228
836
959
36
396
666
988
497
467
864
264
981
234
203
707
419
109
399
355
621
793
697
752
293
593
105
902
407
951
596
861
180
152
822
216
548
208
923
46
675
788
30
658
741
951
366
161
62
765
235
402
278
933
156
572
527
979
194
935
931
509
516
112
661
339
47
928
547
970
694
224
478
724
601
221
676
967
101
457
452
337
579
731
271
735
23
517
434
935
453
367
446
970
198
108
29
246
756
296
935
451
239
415
176
840
355
571
527
456
748
979
793
328
430
783
782
453
302
217
390
474
584
555
164
502
663
912
748
139
209
684
590
167
100
485
8
455
58
254
631
525
234
144
853
665
928
355
119
949
572
228
424
876
783
308
379
167
221
128
306
149
531
897
316
351
383
43
806
160
297
157
404
531
302
258
915
231
332
754
899
905
982
324
501
486
351
880
372
572
727
678
721
977
295
756
329
398
799
855
277
815
13
682
67
315
659
982
265
992
737
165
617
440
209
119
645
560
718
18
134
165
415
574
143
711
332
192
828
850
48
106
667
61
788
734
96
168
436
80
161
893
246
497
53
174
616
698
734
54
435
587
219
850
881
81
281
932
273
110
783
321
217
170
102
724
623
916
892
61
996
772
954
961
270
726
136
605
425
590
659
579
896
597
430
778
398
712
711
671
822
215
712
758
104
533
203
728
169
96
789
166
588
463
847
577
190
983
184
334
293
562
913
191
879
344
688
278
775
120
668
318
335
100
77
439
352
280
886
521
96
676
407
403
858
255
980
767
957
883
102
252
166
16
162
46
80
569
43
574
689
430
892
25
250
689
184
602
688
71
843
503
467
251
906
45
506
607
813
183
491
915
154
657
651
316
422
731
886
465
306
295
615
918
40
865
608
224
468
297
14
31
520
200
282
427
246
507
35
60
691
246
694
845
903
346
881
327
796
487
511
822
782
127
741
822
992
69
765
181
85
780
212
605
699
214
34
945
721
787
724
132
34
139
697
657
485
579
703
2
67
215
824
849
62
285
392
773
73
158
954
158
657
886
764
358
819
517
23
260
305
748
393
59
887
91
716
92
670
420
812
456
354
356
25
416
641
417
191
714
576
864
592
952
470
357
311
290
874
335
551
898
802
663
957
409
754
674
220
144
813
34
319
169
390
344
304
751
481
214
185
776
798
777
729
269
135
42
279
728
96
549
628
898
213
586
308
686
980
528
549
513
281
868
682
672
931
706
424
413
639
328
190
438
107
920
427
960
681
706
690
777
974
319
676
906
624
703
312
324
232
861
838
514
449
240
905
381
665
49
795
306
377
704
744
484
625
172
446
307
597
855
803
572
893
480
198
237
184
510
562
136
372
401
369
821
360
993
922
27
43
718
333
420
423
78
624
768
969
789
794
567
364
599
859
258
798
58
495
702
569
776
557
660
896
926
202
258
639
125
4
682
562
337
821
704
134
165
192
104
673
987
391
38
306
251
15
823
28
511
526
316
288
84
696
904
729
898
163
369
742
167
770
24
223
312
447
357
477
640
181
152
347
572
190
653
542
206
196
570
436
723
606
443
526
303
348
975
920
230
64
382
116
835
406
339
148
853
416
344
213
316
496
560
888
406
932
150
331
130
439
486
572
46
648
817
349
997
793
988
946
858
371
782
413
777
122
280
351
257
624
564
573
840
844
181
247
777
331
297
626
490
783
199
536
432
18
605
149
811
594
815
389
966
598
802
463
439
801
533
697
427
99
989
268
662
172
234
440
222
531
68
712
315
985
968
466
4
574
335
535
169
151
924
854
749
447
319
189
967
571
605
395
389
596
382
52
487
616
493
709
148
280
142
182
266
111
368
989
404
703
525
292
854
169
866
604
335
904
512
304
476
119
699
866
715
801
918
921
418
131
631
286
411
492
187
397
322
555
387
726
977
912
738
832
800
605
156
137
510
388
441
986
507
859
853
941
661
492
863
799
623
214
86
754
426
991
152
748
267
258
195
245
889
652
797
690
258
953
827
487
61
987
474
568
567
48
229
229
259
93
747
882
27
552
637
453
545
508
202
812
766
116
776
656
768
574
348
27
248
894
233
309
883
427
597
451
475
826
399
453
920
148
336
666
700
693
120
964
202
322
496
969
158
274
626
926
848
693
673
815
589
906
844
192
334
442
362
528
269
480
981
908
628
319
575
49
13
695
732
933
737
230
903
895
223
250
822
790
662
215
607
252
123
452
163
457
894
525
986
882
7
968
792
354
7
368
122
738
783
855
392
521
804
15
136
28
265
958
818
928
175
145
899
17
597
64
474
211
308
180
95
315
868
887
389
594
974
511
53
758
86
445
280
609
460
416
637
726
95
176
374
988
321
992
724
638
57
917
849
366
99
663
400
686
551
789
281
246
21
334
5
107
779
5
717
959
140
74
686
953
968
779
661
291
772
386
648
549
305
498
915
123
881
35
809
433
825
809
398
846
863
404
672
643
128
109
603
268
184
9
223
153
507
603
163
281
990
811
549
296
30
184
138
911
219
947
64
763
757
463
329
621
586
3
984
714
112
307
982
15
36
924
887
262
248
51
262
239
582
811
254
612
995
392
243
216
59
307
698
816
489
29
158
76
32
861
790
862
887
493
878
642
137
766
905
385
536
168
343
837
980
597
169
695
989
412
630
49
439
330
585
928
359
462
724
391
43
234
972
649
727
851
293
584
337
917
688
593
86
33
431
785
349
601
201
340
732
831
108
172
162
412
820
521
593
545
631
636
779
605
6
227
176
299
530
233
217
219
826
22
252
976
527
602
297
728
661
31
560
488
921
442
620
461
963
932
725
315
289
506
639
295
452
534
594
982
767
530
202
313
552
174
10
80
495
307
527
875
57
89
364
698
531
703
160
214
637
886
248
926
112
887
222
564
142
535
266
909
784
187
942
337
361
952
137
856
978
664
732
37
472
816
454
722
239
333
656
876
938
904
522
51
512
463
334
654
998
600
283
783
788
226
840
868
179
696
445
877
80
896
914
553
432
88
994
672
421
651
549
361
276
791
131
788
255
466
162
255
785
445
757
293
672
598
163
570
14
327
448
95
224
82
367
657
888
362
330
311
733
598
391
10
390
522
798
365
707
679
620
494
125
97
787
516
415
669
806
429
996
255
524
222
57
610
598
945
973
928
975
426
246
367
436
356
890
953
721
598
633
61
811
758
158
600
994
573
988
801
722
986
775
247
927
832
577
526
498
270
174
474
696
139
842
133
495
452
805
935
769
439
996
582
916
874
901
911
448
890
432
171
596
209
138
524
42
434
769
540
704
662
734
401
802
296
253
17
748
59
953
518
498
950
819
134
825
721
47
993
332
198
883
928
407
740
173
169
175
661
428
879
325
163
0
128
459
253
863
208
31
817
446
248
488
266
383
33
707
149
745
40
347
630
687
755
90
579
924
984
242
353
864
286
236
584
414
695
556
996
623
588
815
788
836
23
55
220
56
481
88
802
240
436
152
647
910
960
227
554
945
188
626
530
474
862
115
607
559
671
605
901
978
421
690
816
444
464
755
219
946
844
740
905
0
611
553
629
573
781
184
519
969
810
50
164
393
883
771
671
556
377
573
535
517
264
71
961
447
827
900
394
391
641
20
110
254
573
458
546
74
361
66
763
172
835
927
284
719
699
955
994
78
529
250
595
512
321
277
679
867
896
792
977
257
812
806
230
387
265
776
180
626
562
943
518
398
590
802
836
10
478
832
88
726
801
402
240
123
398
919
710
14
712
688
272
245
496
502
351
480
998
531
108
561
195
626
678
785
148
515
514
626
67
321
354
868
724
313
711
841
951
422
856
383
829
129
628
45
350
979
526
349
512
634
629
426
979
308
930
128
824
446
474
610
767
828
199
211
142
910
54
94
52
629
196
881
477
825
927
827
805
173
896
37
526
526
182
506
835
114
353
379
560
827
989
47
375
189
259
236
818
32
49
870
661
246
472
857
72
119
404
596
292
301
353
818
547
535
44
383
649
116
481
928
663
190
695
39
99
673
994
917
705
44
508
86
9
980
943
81
100
67
397
111
369
750
648
916
5
692
19
374
808
500
22
472
409
717
231
508
391
226
146
815
988
654
901
998
354
564
798
173
632
914
284
720
384
932
356
390
344
375
764
871
594
786
64
4
505
295
232
615
240
378
432
947
751
334
946
106
618
465
279
969
380
282
690
765
933
47
156
996
141
639
868
735
426
932
458
650
946
690
267
187
69
699
854
820
752
801
645
90
985
643
60
86
644
469
851
578
516
726
294
657
366
164
112
511
815
571
163
763
262
149
669
51
848
524
590
320
46
237
411
32
880
190
836
526
660
688
823
177
134
119
554
219
2
385
731
536
956
613
300
938
762
689
708
330
932
299
369
697
536
780
449
137
690
286
382
351
694
206
247
828
44
801
767
764
906
499
302
582
831
321
240
313
729
948
362
663
249
731
361
504
232
529
360
922
816
742
274
511
949
521
59
712
43
826
478
949
45
499
251
876
820
492
908
551
441
271
933
409
4
14
633
954
544
993
877
361
737
870
591
406
392
650
837
154
478
316
822
523
534
75
120
356
567
29
907
727
20
560
138
742
574
490
697
119
484
294
199
940
165
790
66
557
161
904
431
639
939
254
881
475
48
720
831
615
469
458
63
489
19
919
232
593
410
648
432
894
942
631
555
108
423
621
384
303
526
534
942
467
789
543
661
837
265
493
173
453
670
236
942
689
874
893
2
285
261
434
898
204
785
454
31
927
77
134
231
322
669
892
508
178
436
170
734
420
382
907
873
53
862
535
461
737
148
183
741
409
336
641
332
122
96
82
50
891
217
281
933
605
174
442
783
330
613
518
750
995
146
344
768
9
879
948
466
29
132
208
438
469
568
490
310
384
572
361
276
789
361
210
395
536
372
179
585
985
417
336
700
563
680
188
291
280
138
476
309
270
685
466
458
972
956
769
357
530
849
634
39
211
563
154
466
935
52
52
640
469
108
61
33
788
249
44
787
106
520
97
96
924
283
554
898
240
43
256
489
892
609
248
823
892
402
290
547
454
62
189
924
170
968
676
677
218
439
466
325
960
282
140
885
565
694
503
525
457
479
733
69
89
981
892
700
384
902
249
839
964
157
483
853
126
878
531
63
319
716
107
280
0
247
884
284
661
389
809
837
587
544
906
676
245
800
97
630
422
346
189
106
222
672
959
67
551
210
130
870
927
956
869
646
922
755
930
303
863
460
141
451
723
49
846
968
568
943
599
990
9
788
97
231
180
775
298
732
985
148
322
913
823
193
279
746
667
211
51
250
390
910
701
114
959
267
83
528
212
402
238
939
909
335
172
91
829
189
542
816
337
583
449
161
495
729
627
163
940
397
413
331
308
833
164
269
820
247
516
751
368
474
691
279
528
582
89
359
772
631
176
828
215
625
990
711
355
337
593
15
734
726
65
761
279
229
749
100
196
985
851
564
460
263
843
988
845
932
348
618
283
524
448
218
869
158
648
225
495
242
241
948
687
25
429
967
255
180
786
451
166
358
734
626
621
579
615
467
231
683
805
234
926
254
452
796
131
101
23
345
62
982
294
750
8
442
718
981
622
224
433
788
582
169
134
204
467
469
391
417
153
197
370
80
170
822
596
301
642
619
646
705
321
659
456
48
102
893
31
444
118
183
951
420
352
87
624
538
275
734
675
147
931
46
945
102
588
542
122
231
880
768
936
202
147
112
969
968
724
1
413
562
184
365
982
256
171
326
513
446
62
189
593
712
954
540
534
543
83
656
774
964
145
431
885
11
262
855
979
987
856
393
550
760
478
252
17
649
297
530
97
359
439
690
791
394
949
326
937
34
701
431
717
846
862
322
577
126
179
557
832
754
670
383
234
149
354
251
517
651
501
614
730
659
25
241
54
974
567
710
727
269
142
164
835
724
487
413
850
385
689
402
858
360
504
94
228
858
345
746
229
565
80
959
225
105
201
997
799
487
708
246
476
570
411
31
295
617
163
864
3
852
267
861
932
771
955
161
630
21
626
578
586
707
258
531
812
459
529
331
666
239
578
143
528
708
892
823
326
56
688
48
908
674
909
841
446
585
722
795
325
349
374
911
57
632
162
589
811
692
920
478
650
218
340
179
926
233
721
971
289
410
20
916
85
649
478
250
953
201
46
279
550
139
909
608
491
73
198
303
484
837
500
853
57
559
751
702
511
473
675
519
602
414
436
406
782
914
656
736
116
421
16
386
560
645
994
770
718
911
74
921
468
293
775
244
571
527
947
83
1
342
602
322
475
40
728
259
673
385
714
790
525
731
177
804
377
890
576
814
521
369
455
989
663
231
953
235
477
901
38
197
962
640
519
157
399
248
416
74
352
132
583
877
582
479
682
678
89
259
212
610
348
667
319
730
898
273
965
95
893
722
292
575
364
811
733
763
778
868
556
131
1
140
727
302
619
410
980
708
389
193
38
737
860
77
187
478
69
153
292
963
595
584
258
959
115
991
442
612
861
0
743
581
140
190
884
479
601
584
906
709
778
945
166
358
741
353
556
810
225
848
774
820
153
752
499
268
463
942
600
44
942
344
626
801
535
230
281
855
814
907
284
312
853
450
671
595
522
946
406
747
514
900
288
667
372
787
655
835
730
256
880
392
319
507
195
573
456
195
429
271
103
432
584
675
882
974
989
405
921
116
872
436
735
161
823
108
948
479
943
399
454
824
791
773
51
705
348
507
901
496
779
723
929
83
400
531
58
109
656
698
225
529
853
960
409
677
69
77
875
14
476
330
557
987
105
609
412
172
117
33
668
615
757
317
417
876
849
194
985
506
611
930
754
466
891
164
862
961
241
739
694
437
788
252
144
612
861
556
784
698
590
173
33
67
490
170
662
59
364
367
565
976
298
320
162
191
203
25
871
445
483
566
601
273
537
745
885
119
21
671
536
611
563
569
397
54
739
60
114
823
147
398
800
445
438
962
636
641
706
227
87
191
512
688
464
51
153
69
170
175
459
425
505
23
994
622
796
454
401
629
278
548
28
797
994
466
760
350
109
186
578
914
377
91
323
841
860
476
911
749
370
90
175
876
114
889
499
910
344
900
540
341
450
568
139
164
754
618
514
863
804
93
497
183
903
820
743
764
17
374
234
387
465
409
982
579
299
482
209
362
103
749
703
272
37
842
436
510
461
669
374
985
482
591
169
105
412
631
588
148
7
822
536
191
233
519
770
251
721
698
614
543
448
318
815
204
880
970
715
61
359
808
47
841
400
934
946
532
567
536
680
293
78
935
484
30
456
973
282
896
672
615
440
839
652
974
44
533
664
478
314
24
288
80
585
407
16
251
658
302
506
340
595
585
276
798
615
451
772
616
348
164
232
507
4
885
482
766
138
147
246
452
890
253
533
476
660
268
446
320
289
953
379
884
258
374
402
873
545
175
491
612
58
442
121
62
328
603
828
467
470
75
638
361
328
172
556
708
159
3
747
448
675
845
52
933
220
454
527
484
348
737
98
406
180
219
187
509
541
17
695
12
810
334
92
858
226
367
567
385
90
34
553
765
879
605
419
818
779
946
304
846
403
121
254
583
340
441
811
881
177
226
613
988
561
705
847
506
792
134
610
882
886
164
367
766
489
786
304
269
452
327
116
855
448
89
159
507
250
689
390
427
916
722
135
478
147
701
703
939
835
314
822
722
479
191
208
687
696
232
956
150
559
791
724
727
600
602
235
850
293
344
996
210
67
133
407
933
834
111
873
390
144
416
831
623
326
759
30
23
991
705
891
270
498
336
716
817
938
952
387
232
16
384
161
802
236
568
736
790
398
329
181
543
745
731
885
72
491
916
814
202
622
425
192
839
761
908
657
701
580
45
933
597
149
814
400
385
383
855
176
501
185
76
45
931
808
649
722
19
566
256
940
908
682
133
748
444
42
126
864
623
889
518
221
39
333
340
425
716
196
320
936
100
397
981
32
924
632
474
662
917
730
603
826
132
736
295
577
779
421
442
122
311
679
62
70
13
402
214
449
317
534
386
417
650
369
169
294
720
362
957
638
811
280
185
944
18
480
241
516
620
402
357
931
83
419
720
96
821
934
545
857
189
932
275
839
21
444
853
460
806
811
99
619
810
3
283
828
483
524
64
104
926
421
755
