2157
3868
6777
7362
1588
2859
3496
7082
2581
7034
1934
5285
3746
1615
1689
8557
9565
1353
4252
2162
9688
234
288
5619
1813
5647
7026
5366
3695
5256
8735
7434
9124
5513
4798
2295
8372
8294
9377
955
5330
1313
7822
659
4510
1094
9216
4076
2447
5051
7820
2136
5285
8108
7755
7099
3757
4782
4048
9034
39
2784
6470
746
8297
2851
4624
6671
2728
5584
9208
9640
8479
7031
301
2990
8125
1100
7066
573
6152
4888
4292
3020
4579
2048
1702
9918
8413
5750
8954
35
117
7007
782
8415
1441
6988
6669
4169
2573
5878
3811
1054
4492
5694
4044
2618
6794
2694
4773
2947
9164
9065
7550
3744
2697
9252
5246
1111
6586
4201
1146
6703
2791
3510
5119
5814
2081
1789
9983
4655
9249
5377
5709
3742
1072
1336
7942
7867
4030
4299
2397
4777
4947
9947
8522
9226
784
5351
338
7370
1135
3067
4074
3926
8159
9194
9740
242
2566
1307
6479
3399
8267
3771
8723
9339
5107
8249
8789
721
4131
1188
5498
9078
2718
5603
8306
3502
2537
227
2455
3672
4876
6530
7598
4619
7307
8921
6443
1456
1812
2923
6437
80
6694
5162
1002
3384
4994
9792
5687
9125
2563
2769
9786
5281
9954
8093
367
2493
9903
2822
6165
6362
935
5347
982
8242
4269
7425
9699
7663
1931
6137
9325
8625
2882
329
2011
7876
122
9280
7002
2685
2050
6790
9548
2006
6466
1498
4499
7952
4321
665
5898
5256
6012
6880
5082
1865
5889
6364
9528
9402
4084
8855
8029
6967
767
1623
6426
2471
904
5012
5156
2955
3385
6287
4961
1434
7786
1043
9387
3690
1708
6868
529
7721
5331
5611
9586
1221
3558
698
2207
7643
1136
237
6193
1903
3442
2620
4374
5928
9214
1113
466
2600
8983
7009
5617
8352
8052
6587
2043
9761
3456
4154
9065
8787
9766
235
1592
4907
933
3799
2551
3652
5618
8744
7137
9060
2948
3095
6571
3745
5790
7038
7928
4774
4048
3546
3127
3684
134
6752
3446
3590
908
2512
3960
2257
4329
5552
7164
5262
934
9716
497
6552
44
7635
7195
4574
731
3768
8320
8103
2389
7831
2879
6437
1378
7588
1704
3094
4342
5150
8266
5250
9244
2227
7507
3574
9362
6254
420
297
5971
2499
6850
7598
135
4046
3755
2448
7814
3658
553
204
1490
5014
8224
4450
2603
9928
7544
6945
6662
5811
3778
7489
8039
1286
2647
8984
7541
4649
9281
5095
7148
6132
4276
7284
1762
8032
1315
1159
3273
1868
2946
4764
6882
1171
9214
9486
2682
8342
8014
927
4154
1794
8417
3776
4662
2647
2761
2204
7296
3626
8882
4445
9758
4741
3312
3103
4356
4628
4263
7630
8078
7209
3977
6544
9962
4774
6031
4227
3117
5628
5155
7272
7422
5155
2631
2086
7802
6975
5872
6681
602
4755
1127
1943
1080
6022
5047
5436
2233
9310
3067
312
8102
7044
6856
8065
1820
4470
2293
6519
100
9030
5374
9104
4186
8006
1191
3571
4982
8646
253
5584
4984
2963
7527
6064
568
4157
1502
2801
3468
6151
3113
3153
3197
1553
1219
6599
7605
5095
4701
7705
4126
77
8393
9895
8083
1167
3467
4648
9813
5303
1815
4799
8266
925
864
417
5083
3948
3218
134
101
7913
3288
3298
9466
6089
1480
8655
1185
6181
7943
6894
6258
6337
6790
5924
7505
258
2155
7319
7143
5552
3701
6992
8060
4566
7409
3144
8514
628
4860
8615
125
9730
3496
1174
5821
6558
9829
8588
4323
7774
5483
582
5694
3856
8089
3200
5697
1827
2103
2841
7380
5804
9834
5441
371
8826
168
469
9455
6610
667
9580
7924
4164
2337
3746
2305
2168
3917
6628
1525
984
8793
7219
4840
8465
421
538
293
2524
4962
9255
9910
6379
6279
283
5206
8029
2334
4662
6223
3001
5825
4148
8747
9745
7894
1054
1914
3394
9264
3439
4378
8058
659
802
6524
2662
2922
8400
6768
7884
9238
6680
4264
5519
8545
9471
5131
880
5716
1355
5463
3125
5503
4212
2871
4980
6848
6367
8375
6113
9806
4336
5755
2048
5138
2280
4711
8061
2263
3062
7528
1503
9742
3376
7022
8288
2848
2154
751
147
5092
6215
3272
596
2010
7725
5577
441
4093
5535
6554
5482
9871
3892
7531
6593
6173
3825
6237
8436
6887
3766
1522
8213
8724
8544
8084
1573
2282
8836
3303
8956
6634
8157
9552
8644
5884
6712
9085
9977
2248
7222
7043
3703
1116
4575
1879
8871
9982
8116
8890
8452
3465
414
8248
3773
541
6334
5346
4405
6753
232
3362
3388
8390
4498
3615
4275
1211
4283
5835
5042
3088
2879
328
4204
9036
3789
4658
602
3488
3550
9055
8535
5546
7304
2309
7669
5221
9238
3658
1975
9470
7020
6945
7861
3101
561
2137
5895
6426
9555
2520
9515
4017
2848
5302
3055
6637
9961
3657
1708
5094
4295
244
2223
1601
2554
9892
8404
1793
3551
381
1264
2155
7326
709
6838
9470
4428
2734
5897
3984
5254
6995
8002
9684
2299
2640
7904
3843
6297
9612
8937
594
9857
2743
3777
3994
4218
3764
5787
9352
4145
8633
1508
3055
925
8346
4108
5354
2664
1588
921
7918
8584
506
7604
884
3146
5509
6309
1027
5123
6829
3203
6563
9572
8562
558
3791
2327
7927
3144
6473
8143
6234
1111
9069
6164
5219
6006
8828
8389
6927
6747
6974
7434
5934
9440
581
1445
5750
3190
8150
2580
6393
6296
3735
4956
8436
7527
7284
6364
2254
5340
6090
72
6451
6742
6236
3253
2749
6647
1643
9677
4977
201
7112
913
9641
9275
3940
5393
2467
3673
9555
8860
9969
3292
5400
9988
2402
2685
7935
6238
8025
4026
7892
6059
770
4129
895
3519
2359
2538
4779
7337
2739
3474
8250
3964
2751
2191
940
6800
7446
496
7243
8998
5370
2644
8987
9354
6911
6923
7176
6519
950
5069
2579
3302
782
3474
6822
3141
7595
1602
479
1917
5077
8729
5881
9410
2503
6821
7793
1532
8900
5037
531
5853
9264
9518
6791
6176
6442
3968
2697
8975
620
6858
2278
1402
334
683
4544
9511
3868
6605
1429
528
6918
8893
9938
9421
7297
9314
2537
7780
4352
3068
5217
5199
2588
2009
1377
613
7559
5656
9588
8179
2515
1868
9582
4431
4133
5709
5525
8001
2315
8537
8529
9233
7431
51
239
6311
9365
2776
5675
3719
5844
893
8918
15
4484
1878
629
2044
9116
1800
1806
1633
5250
2971
7646
9384
8680
3173
7386
2579
1711
7499
1813
725
7550
3634
7036
6917
6410
2712
2219
3838
3605
2720
5435
8089
6181
6064
1716
5298
9447
3523
6931
4698
6494
4579
5665
6758
7752
4635
9337
1046
2135
2733
1771
9685
6368
8807
8185
2779
3103
405
8199
8290
3126
3636
6381
9307
1283
9679
4606
731
4785
3121
7012
1281
9282
2678
9621
8617
7313
8959
9663
9448
3275
1435
718
9643
1825
8903
4006
4928
9309
2206
3220
4018
7424
1184
4908
8708
864
1097
1022
5650
4218
8034
8513
3501
2296
9717
2119
9609
260
3365
642
3535
4800
2942
3180
6626
1846
7186
1555
2738
975
6357
8338
8400
7541
3247
8691
9988
5927
9713
7221
146
7749
7317
5230
1628
7035
8931
1238
7295
2298
3462
831
8680
6404
5593
5307
8251
4362
8445
2572
5338
6385
912
5321
3928
5741
4013
3917
3251
5309
1139
3398
4641
8456
211
6269
7074
725
7508
4370
4605
2553
6783
3287
8958
2378
177
8792
6740
205
2947
3661
6591
5441
8982
520
1184
4578
6019
4435
9888
8740
9415
4530
8779
1209
2383
5854
1935
1474
225
8122
4027
8590
1410
2986
969
3170
3361
9292
3375
6309
4536
9966
1751
5102
2069
4517
9680
9670
536
1152
8411
9951
7265
7191
2744
9648
4628
6261
1123
6435
4384
6732
5027
7377
9719
7578
548
3081
8453
5505
973
2991
7055
2725
8093
707
7242
9356
379
7778
2092
373
9313
9357
7565
3640
589
3776
9901
3294
213
5868
27
6822
3246
1329
4401
5376
5993
4438
2465
6966
7429
9520
9691
7105
228
8517
8044
607
7878
137
981
8774
1077
129
3997
1666
5487
3899
4960
5700
1351
4988
2523
6179
7899
8507
1557
3893
2946
4022
861
1958
5125
2135
9063
5353
2235
8690
7543
1697
8828
107
472
9905
1818
4470
1573
7305
9951
8115
4589
1303
4686
7112
9065
2587
7202
623
6480
1731
6227
7341
3689
1353
1060
4335
6706
3295
3027
5832
4992
3438
5939
7047
3344
7757
3100
6499
6646
3052
4616
1236
5938
885
8348
6586
3472
7134
7209
1536
8865
5019
8877
4138
6372
1520
56
4661
4816
4665
495
1391
8103
8016
8438
1449
7357
1539
9530
4004
6174
4147
5240
3695
5033
5171
282
88
2306
9073
1624
2755
4093
2085
8475
2048
3605
8531
6709
4
4780
8786
1396
2884
8386
9834
5915
5744
2957
5447
9748
714
9594
6571
4409
6210
1743
6273
7881
5632
5347
9505
8387
1023
3173
8445
3071
6779
8559
1363
8365
3340
1733
9761
6225
120
1180
2141
7446
4137
7588
8777
4851
8766
5349
843
6559
7092
7116
6023
4307
4046
5530
2695
5069
286
2723
8140
8647
1284
1086
7014
4624
2819
6776
850
4521
9538
4574
1968
5258
3745
746
110
4094
6095
2535
655
4771
9651
6678
9078
5280
3791
3357
350
4078
6080
73
4308
8946
1160
1323
3572
5561
9682
6004
84
9221
579
2052
6063
4325
4381
6173
2
477
292
657
6830
9943
8918
7492
6807
4292
850
7157
9952
8512
7231
4262
7460
9973
7167
2615
5535
6850
8619
5619
7655
9199
7672
3719
5107
2054
1475
6691
4113
1767
8931
2527
3294
7850
20
102
3725
2452
8841
3679
965
6073
9523
8
7629
6691
2623
3166
5125
1244
8785
4363
2026
8040
9664
8715
1677
1140
5407
7373
4490
4339
9900
9366
3772
9920
1051
7498
3955
9892
2760
4920
7549
3866
6511
5179
2140
9134
8345
7265
1961
8714
1629
5569
6755
2876
5867
8433
4017
1276
5807
90
7197
7290
9456
2553
8793
2090
1634
2749
1983
5976
9251
1115
9842
5763
6295
1983
4899
6223
832
8442
4938
4043
4013
1695
6920
1463
1711
938
4321
9100
2610
1520
6391
3649
5655
6767
5739
8871
9516
9304
4848
8768
421
6273
4533
6716
8256
1015
2940
9088
1040
9461
4715
6635
2739
1636
8099
4450
4156
2421
5133
6766
5523
3107
416
1179
9874
7737
51
9391
7042
6481
9742
7463
2755
5858
5762
1013
6873
286
1684
9496
9747
6399
6132
2487
8035
4232
8519
3774
8236
3653
541
3760
6760
2539
4940
8217
277
6573
9191
8902
3056
8934
6366
5811
4794
3712
8406
3250
3998
1674
4329
3746
9655
463
6233
9274
6277
6335
3049
4514
9988
5173
8275
8331
7712
4798
6549
9572
2954
5741
8475
6010
6258
6424
3405
2635
137
3394
7468
4135
5068
1798
9463
6307
3843
7279
5582
122
3615
8631
4636
3604
3805
4494
3518
3101
875
68
2674
3830
7391
2732
1423
5233
9156
6410
7868
877
9805
5337
5012
6456
8718
6059
2764
2562
3339
9928
4266
6955
8561
486
2142
3949
4980
5661
7050
7438
5729
1307
1269
4704
5621
2692
9937
6361
686
7806
7238
2074
4727
3833
8530
5028
9892
2878
9172
3233
4389
3440
1771
2951
3926
3913
8483
489
9574
7116
7927
6887
8424
779
1592
4046
5054
1530
408
5740
919
9228
7814
7228
3063
7927
2257
2956
2388
1431
7771
6778
6453
9542
1312
380
5039
1378
2451
4614
8495
1962
3084
6920
2741
4676
2549
9377
7788
4540
5118
291
3769
4515
9101
6832
4026
1360
1372
7996
4373
726
4775
827
1852
7670
2789
6891
9048
6822
3088
7544
8784
6173
6047
3109
2432
180
2487
1804
4720
9188
2095
72
5286
1197
8487
9312
4139
1442
7310
8512
2168
3668
922
4020
2921
5293
2494
1971
2117
5583
1098
902
3339
8728
4011
5771
8908
8081
7575
5211
7270
1253
5283
4139
2451
3771
3453
8172
5213
2346
8268
8964
6014
9190
4567
8936
6067
7062
2490
8184
4228
5170
9086
7567
5481
4681
3339
5972
4345
2498
1184
3198
3751
8050
7337
7784
3404
791
5958
201
3137
5809
9165
735
5000
3733
1254
2650
2378
5326
835
6606
497
9922
4174
7561
6186
9096
3534
2114
1595
6301
5312
5346
4352
2650
4714
7756
5024
673
9539
9743
6482
8705
2061
3065
4022
3315
5716
7982
8641
8133
4590
722
9638
347
9865
5825
1026
3400
7939
2621
9701
4834
9550
5636
7485
5847
4976
4092
8102
4516
3836
4585
3223
7480
9232
8827
796
6531
6810
1021
4666
2983
3325
5887
3331
3191
1714
5939
8173
1236
144
9458
7653
1277
5095
6721
7124
72
814
5227
4589
6232
1395
9394
3713
2210
9804
6092
8742
6615
8695
4991
9599
2021
879
4513
6794
4175
2035
4968
6994
2179
4427
4648
3456
1106
2952
581
2760
3766
7390
8931
1581
8785
9908
5295
997
9713
2970
1322
7912
1666
7895
7512
3687
357
3608
2064
6115
7225
8614
4692
9405
3043
923
2862
5731
3875
5026
8491
7641
3999
7424
9222
2786
7333
6100
5365
7048
9070
6687
4961
737
6165
4056
6006
8104
9246
9652
4220
6472
8268
8912
7460
2894
9835
1906
8625
5293
6932
7117
4517
2514
6124
5323
5300
5041
1424
666
2090
2078
8935
8633
4397
6683
4272
1987
4789
5101
1640
9009
3156
9908
9505
618
2803
924
2524
3011
6218
1039
1712
2318
3553
7836
7641
437
2878
9066
2685
6550
2727
1622
6766
7124
9887
1039
694
4677
7722
2335
5270
880
3826
6358
1498
8212
7282
4022
1224
5083
6643
2936
7402
197
2356
5044
634
5234
5693
3320
3368
3
6524
135
8710
7994
2757
9404
2673
480
3322
9525
1360
7149
5884
4440
6944
4749
45
8168
1416
6688
2688
8818
8468
5044
5445
685
1861
2722
5587
5229
2725
2112
5365
1436
108
8122
2424
4363
185
5746
3889
1546
4478
1356
7568
3005
6105
7614
1175
7521
4303
5445
7922
4354
490
4951
5040
2351
9255
628
7581
3563
4323
4529
6582
6013
2652
9006
377
2837
6335
5848
5965
2397
8786
3535
5402
4892
1150
8159
3997
7035
3605
3502
1391
4095
36
8013
8029
9291
8641
5611
4438
2965
1723
1021
561
4375
28
938
8794
7945
8368
6343
343
7155
9878
5746
3631
2611
3906
9210
1229
7512
4295
4202
3190
4332
2216
1220
5206
2441
8413
9644
5406
137
666
7550
6094
2276
71
6472
223
8440
2816
2148
7178
4277
7894
2392
6888
3384
3185
8117
897
7481
3903
5669
3396
6119
8472
185
8560
8468
1413
5550
8606
3661
3101
6283
7520
3172
2756
7743
3195
7154
9891
1957
1432
9369
5931
8320
2754
9117
8021
5233
8181
3507
903
3160
9626
958
3345
9770
9427
6340
6903
9616
3
1587
5900
7523
6341
240
6849
1120
7394
8323
3077
410
9275
9008
313
2030
9708
8334
8845
7890
3424
9749
1051
4634
2290
5979
4405
1718
2320
2891
1335
3905
4478
8818
1429
2402
9058
9860
3522
8035
9767
8181
8445
9043
8773
8759
1075
8482
8676
9920
7956
2102
1253
9007
6736
3544
4987
2724
5262
8890
5615
8180
2796
1676
6999
5808
4078
6058
5669
9183
5676
5437
7365
4123
4482
7721
4465
7139
6205
4724
8642
5744
6826
9896
4752
5145
5023
1323
7869
1868
1796
5067
49
4592
8325
7048
401
3987
4689
7653
3171
367
3091
2119
6072
9155
1424
538
7877
9211
5262
6521
4956
3672
8000
1291
400
4606
2614
9852
6474
5992
4920
6524
586
4829
5155
2569
8816
9845
223
3570
213
4897
5689
7867
5635
8695
8405
3514
7907
5250
1618
2864
505
9618
4156
906
4225
8352
759
2282
4346
7261
8806
6514
2091
5545
9083
908
5391
9307
6060
7186
5787
3333
5054
1423
2029
5042
4937
9937
1875
8137
2802
2381
7756
8540
4869
3564
6894
5628
5847
2823
4472
6236
9337
6564
1782
8421
9054
8755
9311
5116
5942
5099
8449
2579
8105
479
9203
4625
1999
1080
2764
4802
5043
2103
3343
1495
5668
1820
8705
3098
4643
3178
9334
3981
9742
2700
3986
381
1456
4880
7079
8981
9980
5529
3143
9668
7590
2348
4294
9590
5010
7058
5975
1636
9162
901
3131
4831
2722
1837
9511
7365
5015
429
2930
6341
3129
8498
8304
6168
3379
5384
5150
4942
2496
8293
4611
1669
2224
8906
2842
8816
5965
8817
453
5128
9719
5166
1542
4024
7003
1054
2972
3602
1484
5902
1526
6195
4401
9830
2364
9363
6797
9096
4306
9293
8973
8918
2545
1198
7825
5388
16
5373
4206
2051
503
5508
7218
3627
1115
5804
4682
4088
9406
7748
9990
933
3944
5975
2346
7891
5339
9143
6988
9645
20
5962
147
2566
8743
7972
7954
8759
4929
3743
2393
5432
835
9611
9059
1950
5417
5324
7620
6406
4655
7612
8922
8600
5170
1269
8074
2092
1996
5063
3320
3598
2609
3468
6164
1353
3023
5701
1695
7952
1028
4088
4967
3445
3701
5610
6977
9118
935
4599
5525
5591
3794
4448
5774
8964
7300
3849
2639
879
495
5959
4477
3104
1010
643
4457
5616
7926
6152
5151
537
242
120
3982
3943
5730
961
4644
8247
5560
1752
5421
9354
7783
1196
9901
6666
6627
2541
7545
7123
83
2023
228
1094
4248
4686
8292
2176
2421
3444
4295
2663
3564
8278
8188
877
822
4415
708
6382
6168
6129
7319
5534
8908
8803
2201
7118
2927
9746
4242
3010
1770
6053
5686
7601
2322
3979
1360
4743
7424
5655
8989
2571
5516
7178
5031
6338
1595
5739
4303
9345
3451
1623
6462
3942
2009
8663
1062
4936
8410
6886
7947
1763
2940
3634
9364
5262
9196
725
1589
6621
7963
579
775
3480
7757
7388
9819
935
3128
4123
1863
8162
7329
8325
2105
9338
8571
4749
5858
8564
1637
3806
329
4577
9022
1276
1423
8219
3584
3012
6423
3130
5173
8781
6610
4513
6170
6430
5449
882
2137
8894
9044
1049
8803
2732
1970
7375
7482
7828
5941
9119
3217
7852
5279
3823
711
6702
2043
5877
1297
50
9007
6470
414
5619
985
6584
3632
8016
7466
7351
8493
8093
9982
7297
827
1954
6256
8309
1365
3780
7429
6165
3215
4291
9988
3926
995
3614
1387
3874
3664
395
346
5660
7596
2913
2246
2812
2512
1295
1746
1006
9389
1730
8304
217
5266
6143
109
8213
9923
7538
4379
3139
1830
5950
8647
4407
9565
1617
8282
4812
3595
211
474
1192
4706
2720
5586
7218
5597
8915
8224
4987
2228
8111
5204
9076
5837
5313
7290
5761
4434
3253
483
7847
9203
714
3837
8769
2331
3702
5165
5926
3913
5639
8701
8619
9941
4288
7420
5539
4786
7228
528
7014
5340
7314
6091
1179
4211
4965
8522
228
8218
9006
8075
9004
1303
1914
9357
3634
5616
4523
9561
1113
163
8263
1315
1687
4134
319
7226
8921
7547
9336
7518
2888
8234
5193
5649
2446
159
5755
2674
9959
6344
2333
8964
7647
5829
8322
1282
3028
2846
2426
5723
4591
690
7039
7860
6407
7358
5088
6911
6488
6007
4430
959
4242
1206
6609
6688
1365
3947
946
2907
292
3279
1873
7939
691
1778
804
3719
6207
3231
9443
799
5503
8065
243
1911
7006
5331
8822
3495
1339
4836
4454
7164
7624
2646
3853
8990
6593
6381
1898
8467
9660
5353
7989
352
7132
8794
5654
4922
3608
5098
7303
9111
3164
7546
1024
1753
2878
1429
5248
5800
7847
1285
2965
5473
3932
8400
6046
2108
4783
9526
2159
6026
6463
149
7961
5178
526
3616
101
4134
297
7404
3247
5043
4952
5853
6796
9412
8864
3627
6795
6713
4912
1343
3769
427
9744
1398
2536
6110
925
6277
3719
7388
6426
1681
4149
6953
6879
4250
2670
8758
1656
5917
3802
6608
3353
599
7603
2219
5808
4400
515
722
5743
4284
1149
7070
5682
5267
3181
8189
3127
8483
7161
9554
1747
1311
8090
8627
5562
761
7386
8800
8261
2772
6991
3197
4953
4595
5416
763
8995
5931
3067
4740
1798
4216
1811
9062
1067
6575
7253
4194
5059
5997
5331
6806
7308
5004
7016
4453
7348
5986
4836
7192
8758
1828
390
5294
6424
5807
6057
7002
1739
9124
3325
5120
4924
6719
4183
7573
3295
1437
1768
9936
9016
8682
8325
7908
3687
6925
2362
2618
4494
8781
9810
3253
610
202
8547
7034
6009
6188
5620
9330
5313
8945
4451
1820
5665
8635
9393
543
1655
2745
2062
673
1428
389
8581
6697
8896
2526
9316
3391
1308
9127
8226
1919
9329
8356
536
6921
4545
6156
6253
1442
6685
2287
3262
2351
2505
4239
2895
4161
6984
4957
4834
9994
6928
4998
6692
7407
9106
7591
799
416
8302
9025
3917
9214
7383
6035
6137
3511
2193
3973
4953
461
7842
9798
2812
349
4038
7289
4510
1023
3830
927
2600
2341
5925
875
9749
5032
8467
549
7030
6770
1158
948
7567
124
6984
3705
3635
760
9260
172
1221
7104
9970
5615
7453
4009
4488
1964
6614
9900
4473
797
2242
1981
1672
3574
7013
1722
5706
5627
75
6864
6575
7643
6988
5142
2931
2206
7484
2193
2378
288
9297
2349
7486
8333
7940
1975
1880
6137
1876
6353
8516
5700
8334
190
9275
6930
1912
4982
2558
3570
3429
717
1214
418
7441
4145
4206
4927
6338
6585
6797
7218
517
4284
5552
41
6259
7432
7760
9717
3786
6278
5419
2121
6468
4695
635
9962
1260
3193
3533
4689
3910
6329
6689
2935
476
896
9444
8396
9063
6242
5616
9581
528
1169
1205
8369
185
8965
9670
3971
6826
5090
7675
4877
1368
8310
4841
4210
3086
9956
8899
8579
6287
5589
1515
8345
8067
960
6742
7132
8784
2359
8296
9312
5111
1084
9265
5296
50
8936
850
8459
5609
108
3337
8559
1
9760
2770
3088
1301
3252
3250
9170
8841
4765
7516
8491
7307
4259
5624
6092
8201
5503
6988
3313
6587
6254
192
8220
6773
1042
6680
2383
2733
1600
2525
2734
1362
5295
7404
2663
130
655
3416
554
5420
933
9045
4310
5192
6253
1986
4976
1757
8974
8289
9927
6811
64
9730
3585
1107
7993
7550
5422
9593
76
8156
2538
6953
5562
6783
7083
6217
200
9219
3221
1133
8265
9113
7908
4519
1100
2885
7859
75
2758
9369
6886
2822
9100
2054
5511
7094
9604
934
8270
1263
674
810
9798
6236
9175
8464
4036
9376
7684
7257
2092
5951
6372
1
2053
9054
4469
1495
9130
7227
865
7599
1632
1548
9654
8726
225
842
9660
8496
2106
1917
889
1905
8153
65
371
2191
1024
8055
1031
3117
5589
8985
4700
7643
8041
9169
9138
7172
7979
1587
6354
1195
3135
6009
9921
3361
6852
1165
3440
541
3083
4329
2446
2819
5976
4399
6592
7001
4038
7624
1701
9627
6610
6401
8853
6234
7154
7993
4989
5134
9580
1345
7911
4298
8936
7833
9241
7371
582
2682
7912
3665
8593
1942
8066
4571
6341
4660
3155
380
2285
6438
1591
478
2840
445
6713
9994
8438
1703
6712
9601
4630
4624
5483
3568
4041
4725
940
4623
7408
8853
9870
7584
796
9519
3738
8719
4180
6893
9100
8047
3332
2274
8526
7755
2719
6822
9332
2741
108
7627
2343
4739
3835
9408
8307
7876
4135
830
4082
3126
9683
5535
711
2062
5055
4450
783
9236
2926
1466
7284
7841
3740
7393
7179
6459
4216
6512
783
4325
4141
3127
647
7976
4118
537
7435
8253
1367
1518
2962
1052
8635
3674
4696
3691
9706
5479
4510
2633
8527
3378
2057
3850
772
9236
1893
6571
5750
2676
2479
1474
7385
3126
9450
1505
3663
8468
9758
5030
1569
2722
7664
205
7978
2362
5478
7685
9423
9989
1901
7952
3368
5541
3385
5722
4778
5278
3876
2111
7955
6355
3585
5341
1064
4618
6846
4727
3087
8188
1341
4656
2493
9005
6443
2054
2950
1923
1322
2375
1913
4805
1910
6863
347
5295
4168
5126
575
8045
8819
113
4401
2406
5454
7048
8606
3884
1776
3277
2073
4699
7933
6148
3706
4378
8202
8238
6301
9524
614
9796
4330
4106
8242
6260
985
3993
2969
1560
2039
1789
3255
8023
5777
8709
5072
4385
2594
8430
7662
6249
3131
7178
3980
8419
3139
3765
6658
1023
3290
8855
820
9203
4544
645
7046
5529
4639
16
8671
8260
1805
1927
7866
7583
638
2939
3551
4814
2953
2796
2647
6084
9974
8209
4504
3115
1976
2745
4138
6848
1601
6541
6052
6146
8768
4681
3258
3408
4697
1931
3252
6503
3858
1119
5669
6078
5641
803
2476
8594
3599
6705
4679
5156
4915
766
8271
6891
3511
3993
3741
6695
2117
1376
4424
886
6058
7682
5877
756
1196
712
8841
6637
1831
6093
2716
7472
6896
6774
6067
496
5062
2329
5653
9978
3095
5507
8452
8189
1083
2194
6467
4782
5153
892
7251
2794
157
3129
5132
2936
5423
3975
9573
7254
69
3872
4728
6966
648
2378
9044
7292
4708
6280
7271
9385
1789
5725
7575
2872
9501
5625
9237
6237
6517
6489
9031
8257
1201
4165
1194
6624
9722
2350
3879
9791
6222
190
8340
8452
2569
8968
5746
8859
5249
4600
8245
7038
326
7404
1494
1411
3030
732
7648
1131
8803
8263
9388
5
2429
2165
6629
2152
6097
509
3526
2320
2282
3450
2356
4851
2419
9684
5293
9250
4285
3539
7872
6194
944
949
7605
3975
1681
6836
5106
485
5100
6077
2072
9111
9824
8701
1264
5922
793
6373
8242
3075
9823
2181
9508
3825
1866
4802
3076
7734
8342
2531
3929
869
3480
3117
4844
6743
1536
1533
8810
6637
7610
883
7331
7435
9584
179
3358
1961
6552
3184
5036
7958
6947
6128
3366
8814
931
8024
6549
856
557
2061
1726
4037
5178
8152
782
6714
9686
9592
4934
8879
2059
2267
6316
1644
2446
1257
3605
581
6023
225
8539
2972
6353
1906
1787
8866
9930
9918
9723
2070
3562
3032
6108
8740
1185
8472
7037
2454
9647
3555
1335
1707
7404
9233
4934
1433
491
122
2014
6515
347
2136
9487
8282
4042
2857
7150
5555
4358
8456
7626
7920
1489
5317
8243
4256
3790
6863
6711
3438
419
8046
5146
7823
7280
81
9256
9353
203
2853
7451
2133
4989
8521
416
614
2961
9148
7752
7319
7605
6961
6822
677
2279
6648
4934
6069
3513
1646
1090
3932
1275
7818
3339
138
7899
4178
9491
9685
7032
8526
1819
3604
7048
3817
4219
11
4549
3554
8912
2155
516
7318
4415
2795
3967
9349
447
7480
2578
1537
2996
5435
9356
7917
5573
8838
2096
6647
8524
711
6756
1926
4316
3806
7326
118
3817
1876
3672
4312
5613
4188
1631
29
6983
5599
961
9012
4662
5121
550
7658
557
1489
5576
7712
329
9255
5943
436
9966
2700
2363
5865
8088
9689
5983
3488
3148
1238
7801
8761
5426
9432
374
3992
5032
2917
3005
1278
8039
5138
8936
179
6627
4514
9474
6956
5352
5418
7393
5319
9700
1339
1186
7790
2611
7169
2861
5759
8408
663
6103
5417
97
8059
9410
6711
978
3998
7989
9017
9136
8509
779
5765
4606
254
4304
9958
7254
3280
5278
6956
4619
8046
6329
8812
6799
773
6154
6790
1437
2259
2208
3116
319
3201
1410
2879
8782
983
1897
7919
9492
2677
5267
5681
2931
1155
5640
1769
4435
2501
308
638
549
8219
9450
7348
8992
5606
5721
430
9447
7929
5128
1349
2714
6539
4229
1497
7522
7708
999
8597
1968
7849
4279
6482
9004
1502
8251
3440
4003
8559
5660
6134
6779
5112
5065
5772
2301
787
7785
3331
300
2914
6262
3014
9453
492
6093
8558
9783
8674
7156
1752
6524
3018
8234
7111
4520
6486
2135
8524
6628
7795
6241
3408
4490
1308
764
8373
2095
8549
1705
2395
3046
9550
6991
4083
43
4667
2642
1409
3343
1382
3162
1450
4400
2979
8562
8921
1049
698
9028
7677
76
5270
2669
6149
6578
3433
4523
257
3565
7811
4234
6611
7362
1227
2277
8987
5894
4920
398
820
6302
5142
2271
2285
8121
834
1207
9170
3114
1818
8431
4772
8671
1101
922
6832
6116
5446
7089
1264
4840
1325
9457
2203
2552
1736
1191
29
6656
3171
850
4541
8313
3121
6826
8018
5537
9616
8771
234
1435
7203
6588
107
9886
7511
6940
6003
4540
5612
7267
9380
6937
8308
1584
1072
45
4357
1102
8283
7529
3534
2825
5843
6655
9651
3862
3775
9268
2635
5591
2287
1421
2180
3976
1309
9691
917
8894
4232
6530
7745
5195
5050
6054
8361
6123
6099
2720
8807
5965
250
3924
8790
7675
2162
25
3121
5937
877
7338
1529
3164
8759
5291
7140
1651
4984
9640
547
799
7753
8292
7577
4386
4347
5939
2092
2029
8659
900
7994
492
4824
8367
8168
6986
8392
1290
4506
852
8628
7617
5598
8970
2910
4322
623
9476
3963
2752
1858
3299
1045
9435
7685
6974
5376
9778
586
4036
2261
163
4529
8668
8530
4280
7237
8505
7152
3327
941
5781
945
6539
6334
5437
862
8539
4914
6407
1292
6773
9706
3919
7791
8975
894
3168
8754
3062
8787
2598
3225
4899
1267
3338
9179
88
3427
6332
3415
4368
3696
4360
2490
1613
1381
3353
154
6295
9760
3028
4651
1051
6948
4026
27
7842
7194
364
2488
7564
2962
5713
4046
5812
635
3226
5900
4062
1141
9315
13
6419
5258
2503
9615
6639
7438
9769
4518
7200
2798
752
9833
1329
4778
9860
755
3556
225
3243
1121
4769
539
5168
582
1174
9976
6482
6818
2701
5798
8413
703
2640
918
319
862
8356
1671
5380
7139
6052
7715
6973
7381
2494
8416
8136
7632
224
1380
8754
4994
3502
5505
5576
4676
7064
3642
3078
1348
9440
1492
2052
3663
3992
3953
4526
3932
5625
1489
1072
1678
9204
9628
642
3282
9627
362
915
9852
3324
1252
4847
6826
6757
2006
3086
5405
5648
6164
6753
6672
7656
388
1918
3232
4342
6444
7164
1550
9516
9818
4810
