13	467	622	
13	489	780	
19	692	235	
190	186	810	
191	460	510	
21	228	382	
21	48	779	
21	844	379	
22	931	666	
229	619	625	
23	149	920	
23	259	823	
26	289	436	
26	333	184	
271	380	31	
315	84	201	
319	859	494	
32	822	860	
36	972	585	
417	838	614	
436	819	902	
437	906	341	
439	21	926	
44	315	570	
44	799	380	
449	20	18	
459	41	115	
48	454	202	
50	55	767	
50	705	187	
505	519	349	
512	83	491	
533	82	908	
608	647	622	
615	21	744	
629	417	669	
63	626	159	
633	83	841	
637	98	237	
638	936	211	
639	429	678	
641	80	466	
68	533	123	
698	82	983	
704	848	414	
704	859	67	
704	99	582	
706	219	989	
708	448	338	
709	403	732	
709	524	958	
714	54	391	
717	406	164	
717	406	875	
72	11	910	
735	949	376	
735	949	920	
745	74	903	
749	45	614	
788	95	698	
79	676	415	
79	863	731	
806	47	453	
809	798	490	
812	905	452	
813	76	661	
819	546	623	
819	876	79	
853	61	738	
867	75	683	
876	808	442	
879	937	302	
88	238	259	
887	84	467	
889	916	820	
899	906	61	
903	78	20	
903	924	541	
908	996	448	
910	85	844	
912	409	244	
916	636	138	
918	513	870	
928	338	676	
928	723	343	
93	904	929	
936	539	5	
94	33	867	
949	911	56	
972	70	766	
977	20	783	
99	359	262	
