0	750	550	
1	45	497	
101	187	11	
101	46	769	
101	891	262	
117	270	857	
124	175	902	
124	890	291	
132	365	242	
140	379	124	
141	521	364	
142	333	856	
143	200	266	
148	16	252	
150	952	629	
153	245	321	
154	112	599	
155	100	932	
155	166	39	
155	683	368	
157	285	503	
160	414	17	
162	357	885	
162	643	104	
174	565	614	
174	97	355	
176	255	802	
185	312	599	
188	133	237	
188	133	614	
195	423	78	
197	43	69	
198	167	934	
210	232	656	
211	396	967	
222	781	292	
223	241	262	
223	681	403	
230	553	468	
230	630	830	
232	331	691	
234	681	982	
235	581	822	
240	268	514	
245	560	453	
246	350	85	
25	807	486	
251	202	258	
251	356	983	
251	466	670	
251	565	840	
253	156	28	
253	189	513	
261	258	832	
261	269	708	
261	764	379	
264	123	783	
269	360	651	
271	40	484	
278	472	797	
291	613	439	
291	811	861	
293	237	859	
297	596	445	
299	473	542	
301	394	302	
306	290	803	
312	26	545	
312	48	206	
321	462	222	
321	484	660	
321	671	971	
325	17	138	
327	170	26	
330	651	283	
354	242	526	
354	275	490	
360	577	378	
361	785	504	
364	892	30	
366	560	191	
366	560	58	
371	74	310	
374	310	192	
377	362	671	
382	214	244	
383	323	467	
386	166	303	
391	964	112	
422	460	67	
431	165	269	
437	181	520	
440	398	365	
445	272	532	
445	470	3	
450	366	809	
450	487	874	
476	384	757	
480	127	213	
49	849	67	
496	34	99	
5	360	791	
524	391	842	
532	240	18	
540	243	495	
550	750	41	
558	181	907	
559	191	997	
563	374	196	
575	791	247	
58	928	49	
580	258	302	
583	464	547	
583	651	728	
584	111	808	
590	204	201	
591	731	483	
592	554	268	
593	124	133	
593	520	155	
593	872	571	
595	991	646	
611	370	175	
651	671	413	
655	161	409	
661	430	182	
663	252	947	
674	362	883	
682	244	590	
683	771	354	
684	363	126	
690	995	531	
692	454	615	
741	262	826	
744	281	64	
770	497	836	
771	672	138	
772	143	820	
772	550	209	
773	47	865	
780	124	340	
782	232	443	
784	472	629	
787	392	288	
793	221	965	
794	330	291	
8	19	437	
811	291	509	
841	294	313	
853	271	38	
863	38	994	
871	24	86	
880	200	942	
881	1	497	
882	440	798	
886	491	529	
890	685	910	
897	271	406	
941	183	959	
952	172	111	
955	290	663	
970	374	821	
970	462	297	
970	682	43	
986	182	923	
990	55	161	
