100	25	744	
122	234	20	
122	366	650	
127	680	992	
129	150	258	
130	600	941	
130	798	67	
130	88	989	
135	188	654	
137	285	554	
138	185	323	
139	195	0	
140	117	634	
140	832	452	
143	35	994	
155	773	88	
156	541	744	
156	981	430	
159	472	225	
161	844	715	
172	536	52	
175	478	276	
176	169	976	
176	873	937	
18	948	964	
184	568	429	
186	346	679	
186	566	263	
189	541	599	
19	93	382	
190	705	896	
194	646	977	
197	973	395	
200	431	20	
203	241	866	
210	597	718	
211	464	812	
213	28	970	
213	286	161	
225	670	682	
230	852	257	
235	154	53	
236	472	482	
241	401	178	
242	103	580	
245	111	787	
247	142	499	
247	384	825	
252	797	848	
256	166	330	
257	297	280	
263	34	387	
271	64	458	
275	466	43	
275	532	545	
275	774	316	
277	200	669	
285	34	991	
286	488	197	
288	486	44	
294	10	529	
296	588	522	
299	387	554	
300	683	187	
311	16	922	
313	373	781	
316	381	749	
330	268	143	
335	351	964	
342	454	124	
342	784	39	
344	683	518	
354	343	779	
363	35	103	
366	122	389	
381	888	573	
382	579	244	
386	3	546	
388	155	914	
388	485	932	
394	677	956	
394	688	794	
405	182	635	
412	571	814	
413	383	450	
420	222	519	
439	192	399	
440	697	493	
442	266	702	
446	273	972	
448	150	138	
452	311	777	
454	155	106	
465	155	883	
468	262	648	
472	357	368	
473	147	590	
473	455	903	
473	477	846	
473	664	664	
475	431	624	
482	99	77	
483	445	253	
484	257	721	
485	14	268	
486	882	32	
487	881	943	
49	917	462	
491	338	507	
491	800	99	
494	313	448	
495	653	631	
50	290	867	
511	142	383	
512	163	857	
513	151	184	
520	760	969	
521	165	659	
527	192	485	
542	672	520	
550	169	625	
555	483	590	
558	480	784	
563	2	803	
567	185	514	
572	389	453	
575	375	441	
575	540	74	
587	792	994	
589	350	198	
590	107	810	
633	152	773	
633	251	214	
640	15	398	
643	18	462	
644	361	421	
650	542	903	
650	982	322	
652	331	555	
660	873	386	
662	464	372	
665	593	968	
670	115	262	
670	489	829	
672	487	659	
676	164	882	
681	874	364	
687	582	898	
688	185	450	
694	14	760	
722	195	571	
737	180	639	
740	672	977	
765	19	147	
766	360	99	
772	453	843	
775	692	36	
780	78	32	
798	691	290	
811	282	857	
811	392	435	
832	250	222	
84	190	626	
841	153	928	
844	293	436	
850	177	459	
853	152	768	
866	480	590	
870	278	60	
882	277	232	
884	176	467	
890	203	905	
920	250	900	
932	282	453	
953	250	16	
970	101	778	
975	690	489	
985	240	801	
993	584	810	
