10	645	837	
13	4	909	
140	191	652	
191	151	750	
206	905	483	
24	356	65	
25	740	374	
26	772	180	
28	154	849	
307	859	720	
317	618	177	
336	907	658	
369	918	553	
39	363	830	
390	590	33	
40	527	888	
408	956	473	
417	86	472	
48	354	347	
49	760	620	
505	705	873	
507	318	244	
509	338	503	
518	505	736	
536	509	45	
538	705	480	
539	924	690	
54	403	180	
58	630	633	
606	615	155	
615	716	944	
616	528	608	
617	956	650	
658	508	904	
68	675	54	
7	818	641	
702	74	166	
711	61	413	
718	613	252	
719	678	463	
726	517	818	
735	827	540	
736	64	787	
739	944	982	
74	988	205	
748	539	434	
755	829	783	
757	915	143	
800	509	759	
802	518	447	
805	724	276	
805	823	714	
806	349	212	
810	939	364	
814	76	215	
815	802	275	
819	666	588	
821	94	967	
822	73	175	
826	439	133	
827	801	345	
828	811	652	
828	921	180	
832	94	872	
834	96	464	
840	80	296	
849	12	79	
849	735	655	
859	879	13	
879	639	532	
900	728	334	
909	455	666	
912	53	689	
916	932	763	
918	15	635	
919	148	791	
92	827	906	
923	738	399	
926	768	885	
929	963	400	
936	208	905	
938	866	25	
938	899	355	
964	939	515	
965	927	805	
975	917	626	
98	414	201	
