1	233	585	
100	266	260	
101	430	397	
104	284	462	
105	272	773	
110	245	934	
111	255	105	
124	37	761	
128	590	159	
130	357	479	
132	498	648	
135	110	833	
136	142	987	
140	6	403	
140	600	247	
144	222	269	
145	254	353	
151	42	56	
158	38	297	
168	231	424	
171	712	71	
171	734	960	
173	97	76	
182	305	356	
183	964	437	
19	935	168	
194	139	53	
195	325	833	
2	980	649	
207	170	469	
210	387	625	
216	392	219	
220	256	833	
223	473	354	
223	781	174	
234	198	638	
240	423	444	
242	553	127	
245	792	167	
253	377	917	
262	445	246	
262	76	683	
263	389	292	
269	394	610	
269	493	68	
271	128	730	
271	63	810	
279	274	532	
284	148	142	
287	794	409	
291	724	378	
292	426	825	
292	459	905	
292	613	495	
293	249	587	
293	689	649	
295	687	841	
296	686	111	
299	331	162	
301	296	50	
312	670	817	
314	690	144	
322	187	149	
334	241	83	
334	494	763	
341	520	252	
342	35	535	
342	387	544	
343	760	452	
350	478	164	
361	21	320	
362	33	352	
363	289	630	
365	14	631	
377	15	527	
378	582	83	
38	619	990	
380	767	94	
385	575	675	
394	313	899	
395	796	356	
396	641	723	
420	210	66	
420	364	427	
421	59	677	
435	283	613	
442	199	331	
461	22	0	
463	860	972	
466	780	558	
470	699	867	
474	431	188	
481	325	187	
482	225	730	
485	24	215	
486	771	989	
499	274	159	
511	680	78	
520	154	514	
530	221	988	
541	980	597	
542	231	599	
551	794	312	
553	132	248	
560	367	190	
564	594	715	
574	254	149	
577	17	74	
577	570	299	
580	53	108	
583	652	612	
589	371	439	
590	568	184	
597	440	417	
597	891	429	
602	270	634	
614	291	915	
631	472	578	
662	166	529	
664	285	664	
671	212	215	
680	566	762	
684	331	593	
687	17	375	
690	545	503	
690	97	143	
691	533	436	
693	201	888	
693	498	344	
696	176	692	
699	195	274	
735	390	2	
760	321	560	
781	78	917	
791	334	740	
792	12	270	
792	311	523	
792	410	983	
794	122	374	
794	232	701	
794	430	632	
798	470	776	
861	682	992	
864	151	427	
871	331	941	
873	120	436	
880	883	556	
881	772	94	
890	686	986	
891	641	603	
902	190	540	
930	261	580	
970	991	382	
981	276	192	
982	297	131	
982	462	61	
982	473	0	
983	197	193	
992	397	584	
