10	480	341	
100	868	546	
123	603	608	
123	856	473	
124	228	830	
128	466	325	
130	508	125	
132	539	736	
133	417	357	
133	505	286	
139	356	842	
142	848	943	
148	468	311	
149	940	2	
152	18	778	
158	953	725	
164	617	248	
165	737	721	
178	647	189	
178	955	378	
180	46	718	
190	45	551	
2	636	183	
200	625	928	
202	832	410	
204	500	861	
210	516	771	
214	336	401	
215	269	637	
224	139	6	
226	896	510	
229	2	51	
229	552	855	
23	181	960	
233	526	310	
235	238	806	
238	422	591	
239	322	159	
239	531	109	
239	663	942	
239	861	597	
242	704	914	
246	667	928	
253	605	125	
253	715	816	
255	504	344	
268	425	893	
274	947	755	
288	867	399	
298	846	646	
301	601	717	
301	810	516	
302	611	303	
306	101	32	
308	495	653	
312	777	620	
318	771	396	
322	932	604	
327	575	335	
328	387	475	
329	199	376	
336	863	487	
337	763	469	
338	674	653	
342	703	706	
349	531	618	
350	629	193	
355	525	786	
357	116	966	
359	598	276	
367	898	948	
369	753	565	
372	519	420	
377	965	78	
378	953	726	
379	930	335	
399	679	590	
400	887	20	
402	225	367	
404	531	40	
407	110	378	
410	118	380	
410	558	661	
412	402	677	
412	677	379	
412	974	406	
414	950	201	
422	524	631	
422	634	882	
423	435	640	
426	135	26	
431	933	284	
433	425	145	
434	523	759	
434	644	920	
44	70	462	
440	825	858	
442	636	997	
447	268	943	
456	996	149	
464	933	458	
466	634	255	
485	538	890	
486	9	839	
487	712	429	
489	358	358	
493	607	931	
493	816	139	
495	407	727	
500	545	406	
503	751	87	
504	794	193	
512	346	631	
514	399	237	
514	795	707	
528	165	300	
528	484	682	
528	495	340	
540	549	742	
542	646	152	
542	822	382	
545	610	402	
549	485	651	
551	329	292	
562	703	889	
585	735	451	
589	797	16	
610	578	483	
613	289	363	
618	394	337	
622	104	574	
622	489	891	
631	117	695	
634	356	760	
636	662	196	
64	140	465	
640	548	233	
652	844	825	
654	666	890	
655	357	313	
664	931	919	
667	598	31	
669	596	437	
674	712	817	
674	888	601	
681	749	240	
688	115	685	
695	867	707	
695	955	515	
698	710	847	
7	862	822	
7	950	641	
700	884	606	
700	950	858	
709	193	469	
721	159	652	
721	643	532	
722	114	780	
725	683	724	
736	254	391	
742	336	943	
745	344	355	
748	396	996	
75	151	327	
751	998	943	
757	255	337	
761	845	679	
761	944	661	
765	137	256	
767	377	495	
779	101	717	
779	453	951	
779	684	108	
78	280	491	
783	449	290	
785	227	528	
794	559	424	
795	921	98	
797	644	48	
798	764	805	
803	110	13	
812	112	68	
814	385	383	
815	362	675	
817	492	415	
821	488	184	
822	157	259	
822	476	656	
824	232	634	
830	941	427	
834	783	296	
836	583	512	
840	722	781	
841	314	179	
843	884	592	
848	230	962	
853	412	658	
854	543	649	
863	842	463	
866	223	879	
866	487	387	
873	128	339	
873	557	150	
875	247	540	
876	763	15	
887	169	907	
896	556	514	
9	277	800	
902	594	89	
910	256	479	
910	872	337	
912	463	831	
912	760	267	
92	475	997	
922	101	834	
923	265	520	
923	771	291	
926	394	668	
93	650	104	
933	288	858	
934	595	345	
937	460	875	
941	665	256	
942	235	553	
942	389	173	
951	116	332	
953	950	992	
956	243	990	
958	186	362	
958	791	787	
961	535	928	
961	898	381	
969	384	757	
970	779	942	
981	218	334	
988	673	424	
996	566	571	
