101	95	97	
117	78	628	
12	638	682	
14	746	51	
15	613	388	
157	30	402	
171	386	34	
171	991	991	
172	671	760	
174	240	410	
174	273	503	
183	583	434	
23	913	430	
232	182	212	
251	790	813	
254	160	718	
26	657	74	
260	363	959	
27	722	218	
27	843	200	
270	980	552	
271	374	594	
271	473	381	
277	40	814	
285	690	787	
291	354	193	
295	240	894	
295	273	546	
3	96	117	
313	21	589	
34	803	886	
344	74	721	
361	91	508	
371	791	823	
371	791	827	
374	271	440	
381	990	670	
383	196	292	
388	290	505	
39	754	618	
39	776	760	
392	330	185	
395	690	968	
445	21	35	
445	87	841	
46	857	962	
460	196	100	
466	86	697	
473	282	860	
503	24	304	
520	41	909	
530	84	633	
537	14	330	
552	95	403	
561	260	799	
583	93	179	
587	64	654	
591	472	11	
592	185	545	
592	284	162	
595	380	904	
629	829	293	
656	45	931	
693	282	843	
693	381	661	
718	817	322	
772	192	996	
786	43	995	
814	49	156	
828	707	931	
86	828	296	
908	319	480	
908	704	147	
912	26	890	
916	729	83	
918	969	243	
948	708	152	
952	88	885	
990	194	642	
