103	657	816	
104	568	475	
104	799	288	
105	787	436	
114	833	4	
118	246	87	
120	508	474	
122	979	522	
128	654	25	
132	804	622	
14	191	421	
147	525	443	
148	678	205	
157	757	644	
168	537	630	
175	409	291	
189	945	613	
192	37	15	
204	468	384	
208	651	652	
218	245	837	
220	408	160	
224	943	90	
225	711	248	
228	455	164	
228	455	526	
237	875	598	
245	603	601	
273	905	882	
276	649	758	
284	718	130	
297	529	311	
299	813	398	
3	724	482	
304	357	525	
304	874	31	
311	713	717	
314	204	73	
318	200	738	
319	870	852	
320	539	208	
329	970	428	
332	879	997	
333	119	250	
336	611	530	
338	147	27	
338	543	591	
339	685	7	
344	977	610	
351	706	269	
355	207	221	
359	159	919	
359	511	304	
366	757	191	
388	977	111	
389	536	840	
395	948	269	
397	814	48	
4	954	462	
40	363	355	
400	514	806	
403	566	825	
404	499	479	
407	276	887	
414	456	817	
416	465	154	
418	188	984	
422	217	135	
423	414	580	
424	402	518	
425	368	808	
426	147	557	
435	743	165	
438	982	326	
439	211	270	
443	108	58	
445	656	399	
445	656	880	
449	465	880	
463	902	259	
469	522	562	
478	986	209	
478	997	824	
487	317	714	
488	778	880	
498	768	627	
502	797	663	
511	304	996	
514	356	672	
517	430	227	
520	207	88	
526	542	3	
526	696	0	
527	695	854	
527	761	533	
534	369	918	
537	289	436	
540	902	106	
541	626	306	
541	912	983	
555	106	174	
559	278	896	
571	805	876	
579	489	915	
586	229	404	
589	215	877	
6	655	155	
600	952	796	
602	301	338	
602	466	304	
61	210	603	
612	533	797	
622	875	630	
631	547	806	
631	877	389	
638	100	939	
638	243	883	
648	310	889	
653	404	39	
656	698	889	
659	112	546	
662	978	865	
663	207	654	
663	416	516	
666	336	20	
673	879	368	
674	438	645	
675	866	782	
677	479	772	
680	817	351	
685	823	67	
687	546	103	
688	567	728	
692	607	119	
692	607	396	
692	915	998	
698	557	457	
700	313	635	
705	594	788	
71	310	947	
710	699	532	
712	114	681	
716	792	579	
728	175	16	
73	396	516	
732	6	304	
732	776	651	
740	658	362	
745	312	285	
756	576	870	
756	675	635	
757	597	849	
758	145	543	
760	957	639	
760	979	891	
765	897	707	
774	712	808	
775	568	383	
783	769	705	
786	733	284	
787	655	438	
789	884	367	
79	170	185	
792	419	669	
793	715	150	
798	446	439	
798	787	484	
80	246	363	
800	752	716	
800	994	809	
813	167	435	
815	187	565	
819	93	911	
825	1	560	
827	670	314	
828	581	204	
828	790	393	
834	399	816	
837	495	196	
837	891	586	
841	337	533	
841	667	693	
842	248	607	
843	566	380	
850	834	388	
854	5	271	
859	231	921	
863	656	683	
867	256	666	
867	267	85	
869	694	886	
876	214	198	
876	214	994	
878	894	603	
885	788	829	
885	810	98	
887	159	708	
887	885	395	
887	962	362	
887	995	910	
893	615	771	
9	641	28	
91	334	630	
92	124	27	
92	476	5	
920	599	208	
922	454	676	
932	686	954	
936	242	127	
941	688	291	
941	787	81	
942	566	398	
943	158	593	
950	987	400	
953	324	752	
953	5	849	
955	179	75	
958	253	418	
960	449	465	
962	689	562	
963	831	257	
964	742	871	
967	211	49	
967	310	71	
971	328	586	
972	217	606	
973	436	969	
973	777	156	
973	964	677	
974	589	64	
979	144	266	
979	199	361	
981	802	969	
983	745	609	
989	398	860	
996	633	882	
