10	539	273	
110	390	104	
121	390	84	
15	611	185	
15	963	680	
16	379	917	
161	460	734	
170	561	692	
176	192	566	
180	188	78	
182	296	962	
19	376	318	
2	60	948	
235	62	423	
236	30	106	
26	622	468	
264	181	177	
27	962	574	
272	470	348	
273	293	661	
29	575	130	
295	172	304	
295	183	941	
34	713	875	
35	932	126	
36	634	738	
36	799	98	
37	226	144	
373	270	763	
381	350	728	
391	681	245	
430	290	632	
462	390	513	
47	887	151	
483	281	349	
490	593	120	
537	45	963	
56	548	461	
57	107	468	
57	800	682	
603	89	350	
609	803	358	
617	37	702	
670	90	224	
679	55	288	
69	645	103	
69	986	989	
716	905	59	
732	42	660	
74	706	21	
752	84	945	
758	709	632	
780	391	124	
796	73	125	
801	56	809	
816	16	663	
817	639	192	
819	604	809	
824	24	4	
827	915	703	
829	29	430	
829	429	700	
829	649	95	
884	62	734	
89	713	539	
895	40	78	
9	12	794	
90	76	520	
900	56	166	
908	614	964	
908	669	807	
908	922	954	
910	33	922	
914	37	690	
932	909	816	
933	89	533	
939	528	664	
939	847	441	
947	806	366	
949	28	347	
949	408	313	
950	95	475	
96	607	197	
976	33	685	
98	869	707	
981	82	280	
995	74	448	
