12	316	702	
129	21	624	
151	370	148	
16	136	519	
161	162	683	
161	173	557	
161	272	0	
178	92	676	
180	231	99	
20	704	70	
214	84	469	
22	559	480	
24	920	239	
260	140	384	
267	60	513	
268	50	418	
282	470	273	
308	938	898	
309	36	39	
35	744	458	
360	370	955	
38	697	111	
390	274	190	
407	927	509	
433	50	705	
437	919	157	
44	746	858	
485	91	498	
495	90	990	
50	718	231	
52	925	570	
523	74	724	
528	828	238	
529	409	965	
529	717	470	
543	61	850	
56	536	159	
57	678	569	
58	215	661	
60	818	607	
606	904	245	
61	905	730	
616	927	540	
619	825	472	
639	409	829	
645	42	819	
7	53	961	
709	18	160	
716	805	542	
717	716	511	
719	736	905	
726	839	589	
745	98	68	
746	88	173	
747	939	244	
758	609	730	
77	416	673	
778	76	164	
78	404	947	
79	513	932	
809	19	345	
809	8	78	
809	855	789	
834	11	27	
84	14	847	
847	905	535	
849	837	962	
850	93	355	
853	52	172	
856	907	104	
857	78	6	
860	81	982	
87	505	885	
89	899	57	
906	846	520	
907	29	774	
908	206	964	
909	337	730	
912	609	947	
913	938	334	
919	558	858	
919	855	652	
919	987	426	
935	619	979	
947	607	552	
949	858	34	
95	36	700	
970	81	582	
973	95	51	
98	615	892	
984	62	127	
994	83	791	
