104	269	314	
106	465	459	
107	596	973	
114	732	183	
115	478	585	
117	311	32	
119	133	485	
123	888	90	
123	987	696	
124	513	610	
125	6	847	
128	454	517	
136	743	910	
138	224	629	
141	727	77	
145	789	795	
146	348	744	
146	667	28	
148	588	690	
153	726	601	
157	359	488	
162	519	901	
164	836	648	
174	969	176	
177	317	544	
177	614	694	
182	25	679	
188	746	561	
200	822	886	
201	733	41	
205	443	146	
221	548	924	
226	433	563	
234	656	129	
238	971	816	
242	637	30	
247	104	8	
251	749	2	
258	335	259	
266	613	595	
276	757	761	
276	779	895	
278	601	139	
285	649	352	
293	949	532	
298	878	239	
299	349	623	
299	569	324	
303	125	264	
303	477	189	
312	611	169	
314	521	469	
321	789	560	
322	304	896	
323	567	441	
327	563	307	
330	824	108	
331	911	170	
336	796	295	
337	652	346	
34	81	621	
340	209	287	
343	778	698	
347	961	560	
353	735	277	
358	202	627	
358	961	123	
373	605	219	
378	721	605	
387	448	317	
389	468	159	
402	653	559	
412	104	557	
413	840	198	
418	285	846	
421	227	713	
424	499	835	
428	330	27	
428	594	536	
432	128	777	
446	576	225	
447	399	152	
452	207	41	
453	569	309	
454	876	848	
455	6	40	
457	103	347	
457	884	177	
461	803	316	
463	735	214	
464	569	871	
466	457	859	
466	787	914	
471	606	816	
471	936	627	
474	779	853	
479	235	71	
479	400	689	
482	716	911	
486	602	751	
489	5	66	
493	518	248	
496	317	397	
496	801	141	
497	668	510	
499	413	380	
499	644	729	
507	295	707	
512	983	850	
516	154	512	
520	601	882	
525	211	235	
528	197	292	
537	155	411	
542	117	707	
543	710	385	
546	795	47	
55	170	633	
554	688	774	
556	620	214	
558	673	58	
566	324	324	
566	731	98	
575	678	406	
575	975	504	
576	622	93	
577	588	677	
585	756	950	
586	975	444	
592	17	493	
6	521	359	
611	147	98	
611	367	352	
611	763	65	
618	283	42	
620	644	661	
620	864	762	
622	752	813	
622	862	349	
626	990	944	
627	175	785	
627	890	409	
630	601	710	
632	456	965	
634	135	547	
634	432	845	
640	525	546	
640	965	544	
643	357	38	
655	136	144	
655	213	385	
655	389	529	
660	516	21	
662	459	540	
665	852	35	
669	485	495	
669	782	655	
681	968	378	
682	307	334	
684	679	591	
685	502	215	
685	733	129	
686	556	284	
691	617	973	
695	415	864	
704	351	133	
704	571	532	
712	211	161	
714	561	688	
724	276	422	
727	273	938	
728	250	656	
730	886	586	
731	456	661	
734	574	582	
737	340	494	
744	861	277	
753	104	930	
754	246	497	
755	795	982	
764	401	759	
765	257	595	
769	231	560	
772	877	396	
777	498	800	
778	464	152	
797	632	539	
798	367	347	
8	640	239	
801	397	980	
803	241	870	
811	266	7	
817	282	624	
818	160	273	
822	794	699	
824	495	311	
826	163	787	
828	381	162	
831	851	401	
836	384	400	
836	384	408	
836	494	44	
845	441	269	
846	231	746	
862	633	386	
863	357	250	
87	160	24	
872	205	632	
872	920	625	
873	985	998	
874	973	94	
878	771	351	
880	417	17	
884	897	44	
885	137	885	
886	499	358	
891	604	89	
894	403	382	
896	302	212	
898	388	593	
910	684	484	
910	882	991	
921	662	23	
923	792	928	
932	343	196	
934	440	303	
939	490	440	
940	643	99	
942	432	741	
964	630	17	
964	883	537	
969	592	248	
973	841	483	
983	930	944	
987	497	706	
988	353	676	
988	573	517	
993	403	371	
