10	741	499	
101	809	732	
103	818	71	
139	727	166	
159	905	689	
209	800	873	
21	268	752	
227	529	719	
25	660	950	
27	152	719	
307	427	255	
309	898	670	
310	919	945	
316	407	0	
319	404	819	
327	70	240	
34	794	367	
356	708	91	
408	304	205	
408	645	310	
419	810	84	
428	812	598	
429	338	29	
43	543	588	
469	518	475	
486	919	486	
49	493	288	
497	919	801	
50	107	689	
500	817	679	
502	738	122	
504	329	397	
504	725	463	
508	534	991	
509	489	41	
51	315	894	
516	636	762	
518	832	499	
528	767	824	
53	32	331	
53	324	459	
546	804	478	
556	827	178	
558	869	521	
569	517	94	
569	902	547	
604	966	206	
61	767	739	
611	739	343	
613	814	198	
617	733	585	
625	901	638	
626	922	853	
629	237	279	
636	60	134	
64	5	620	
640	908	642	
646	968	714	
655	959	571	
66	102	305	
666	519	891	
68	452	210	
701	308	587	
704	569	305	
705	788	881	
708	356	67	
719	433	411	
722	705	242	
722	914	62	
728	259	48	
728	457	546	
738	403	290	
738	964	798	
743	849	819	
749	711	266	
754	728	5	
758	647	321	
762	929	48	
766	518	644	
768	648	697	
769	306	255	
79	177	502	
801	318	353	
801	516	853	
803	899	389	
805	534	447	
806	643	901	
807	389	588	
809	541	147	
812	758	10	
812	802	934	
813	548	610	
814	833	135	
815	788	946	
818	774	492	
819	56	665	
823	725	491	
837	579	379	
839	434	709	
844	726	231	
854	826	211	
854	936	904	
856	714	579	
857	856	866	
86	467	916	
868	50	591	
87	11	513	
872	819	322	
879	944	565	
885	707	140	
899	726	445	
90	738	394	
900	71	951	
903	755	966	
904	952	323	
906	389	568	
908	57	342	
918	388	735	
919	222	893	
920	727	89	
922	329	74	
923	504	590	
924	844	86	
927	632	21	
928	653	927	
936	579	82	
944	71	586	
945	94	226	
949	786	767	
95	227	77	
954	968	937	
957	40	75	
957	778	65	
958	513	312	
978	944	499	
989	207	436	
