107	808	537	
150	172	315	
160	151	27	
195	281	996	
219	77	311	
25	555	718	
257	71	743	
257	93	941	
271	172	994	
28	640	691	
280	141	913	
328	32	492	
34	348	530	
347	73	665	
36	775	484	
378	71	555	
39	684	546	
390	163	170	
390	383	117	
409	528	528	
41	858	127	
417	718	488	
419	848	211	
424	51	454	
44	547	700	
448	97	775	
458	74	231	
509	967	867	
519	847	166	
53	835	571	
55	635	811	
564	81	225	
609	988	145	
614	98	562	
629	902	557	
638	519	295	
639	46	185	
676	61	959	
68	963	404	
709	217	685	
713	32	988	
727	606	257	
739	627	920	
748	739	324	
778	709	24	
779	21	550	
789	75	157	
798	95	954	
813	22	543	
816	649	568	
825	915	258	
829	27	624	
857	938	613	
858	739	977	
909	127	938	
912	44	360	
918	635	64	
919	524	136	
923	806	782	
924	915	492	
937	539	291	
945	88	585	
946	34	772	
