10	412	555	
106	849	833	
118	60	890	
129	529	842	
13	530	642	
14	49	551	
15	792	963	
16	351	680	
194	190	138	
209	108	182	
21	456	760	
22	796	190	
237	608	448	
237	828	853	
25	133	823	
258	939	560	
308	966	96	
31	754	260	
316	71	539	
319	526	517	
32	621	929	
329	989	884	
33	785	283	
335	609	760	
34	993	9	
409	887	824	
41	832	953	
418	900	724	
424	91	412	
427	814	0	
428	73	608	
43	665	931	
47	375	517	
47	463	7	
479	828	343	
48	253	167	
507	833	391	
514	705	980	
524	728	598	
526	605	932	
528	9	963	
529	316	24	
537	83	724	
538	956	837	
539	328	964	
539	52	778	
547	507	564	
548	517	510	
549	62	627	
558	848	472	
575	908	764	
58	375	625	
59	330	163	
608	55	780	
609	995	175	
613	60	760	
616	779	973	
62	547	317	
625	748	737	
63	656	626	
655	509	82	
67	377	783	
69	49	662	
696	919	23	
715	306	751	
718	77	621	
726	405	468	
728	54	167	
737	438	162	
738	415	237	
745	82	97	
746	858	7	
757	715	219	
758	604	539	
766	805	896	
77	378	424	
779	638	602	
788	805	321	
8	815	348	
801	913	819	
804	701	640	
805	777	568	
806	435	725	
812	957	981	
822	848	631	
824	857	423	
824	868	316	
825	922	919	
827	326	128	
827	414	515	
827	568	637	
829	599	145	
848	624	146	
85	54	178	
85	678	696	
856	836	228	
858	801	768	
863	939	557	
869	647	890	
879	219	409	
889	715	525	
895	709	371	
900	759	683	
905	413	81	
905	55	470	
907	741	649	
907	774	488	
912	109	212	
914	998	105	
915	513	790	
917	214	442	
917	973	438	
926	436	594	
926	766	941	
934	813	929	
936	338	421	
938	622	796	
946	614	311	
947	107	916	
947	844	116	
954	936	958	
959	832	453	
966	814	425	
97	600	640	
