0	337	116	
1	325	591	
105	1	69	
105	441	918	
105	496	603	
112	874	461	
113	983	721	
114	498	192	
120	635	865	
122	424	520	
125	894	114	
128	0	318	
134	533	695	
136	762	771	
137	750	385	
138	661	332	
139	220	488	
144	248	144	
145	698	75	
147	300	470	
150	418	150	
154	546	507	
155	369	224	
162	868	599	
165	436	866	
165	887	965	
169	795	222	
172	56	599	
172	748	843	
178	643	615	
182	11	315	
182	969	527	
183	616	221	
189	610	751	
19	85	718	
197	107	386	
197	8	125	
199	138	11	
202	3	513	
204	331	523	
206	241	135	
211	324	437	
211	852	272	
211	995	176	
215	430	865	
223	763	997	
225	453	767	
230	305	644	
231	216	27	
233	599	815	
234	620	442	
237	364	30	
244	214	645	
246	311	56	
253	436	844	
254	204	397	
267	510	125	
270	419	705	
270	518	727	
278	972	914	
279	223	982	
286	315	867	
290	718	486	
296	569	489	
302	233	139	
312	300	527	
315	220	233	
315	561	43	
320	710	322	
326	286	921	
330	854	622	
332	995	592	
335	244	664	
336	166	49	
336	452	785	
340	239	261	
341	678	342	
341	678	760	
342	479	937	
345	696	853	
349	571	82	
351	954	775	
353	798	892	
355	620	963	
355	653	698	
356	872	686	
365	324	974	
369	870	676	
374	612	666	
374	700	695	
377	961	89	
379	123	303	
388	213	511	
39	908	850	
398	764	735	
4	344	576	
40	270	819	
402	342	543	
404	274	941	
421	631	255	
423	398	257	
428	151	987	
435	364	767	
436	110	551	
436	330	151	
436	484	465	
437	164	151	
437	263	938	
440	821	559	
442	247	645	
444	641	565	
452	952	86	
458	132	511	
458	880	476	
465	983	868	
467	277	590	
468	232	750	
473	634	83	
473	755	729	
473	854	105	
477	586	211	
478	860	401	
482	108	916	
484	711	557	
492	307	373	
492	736	402	
497	313	998	
498	202	552	
500	376	637	
500	398	112	
502	781	783	
520	125	675	
523	188	861	
530	313	111	
530	885	381	
532	355	779	
533	431	456	
535	242	144	
541	434	357	
545	375	9	
548	163	429	
552	159	840	
558	230	330	
560	404	109	
563	148	186	
563	18	33	
566	992	707	
572	953	81	
575	169	128	
578	177	164	
580	736	83	
582	107	310	
582	624	708	
583	414	165	
584	512	626	
593	932	775	
595	127	543	
595	259	514	
606	380	506	
62	391	525	
620	773	503	
621	123	579	
623	462	501	
632	992	678	
648	283	828	
652	158	367	
652	851	115	
661	237	322	
665	211	590	
671	634	337	
671	645	429	
681	26	719	
681	965	425	
703	283	531	
704	271	140	
71	591	101	
711	330	830	
714	470	503	
724	141	217	
724	570	728	
730	674	451	
732	386	936	
740	488	772	
741	542	710	
743	1	679	
743	672	816	
751	147	946	
751	510	85	
751	664	543	
760	226	302	
761	566	54	
761	720	345	
774	443	437	
777	385	686	
777	484	77	
780	800	926	
783	236	470	
786	794	909	
787	881	699	
800	340	352	
801	284	475	
841	178	689	
852	365	737	
854	693	571	
864	771	160	
870	556	677	
873	696	16	
875	650	923	
877	153	613	
879	272	210	
882	423	46	
884	960	224	
885	255	767	
888	494	127	
888	560	944	
889	273	600	
891	535	837	
892	336	9	
894	664	586	
899	175	573	
90	231	129	
90	572	957	
930	144	659	
940	475	699	
963	672	44	
964	682	88	
969	171	347	
97	191	589	
972	982	591	
978	151	468	
980	512	264	
980	941	14	
982	257	158	
984	387	385	
984	684	568	
988	196	375	
992	940	32	
993	675	972	
996	661	227	
