104	934	955	
106	569	165	
107	766	82	
114	616	621	
119	215	12	
12	790	517	
159	626	76	
159	879	483	
177	729	162	
188	828	513	
200	926	980	
201	837	956	
207	468	104	
207	842	919	
209	983	194	
211	904	785	
220	906	671	
226	801	58	
229	787	364	
23	31	926	
234	914	87	
248	339	511	
254	916	513	
255	717	625	
259	416	930	
267	408	379	
269	769	806	
269	978	512	
278	617	447	
302	637	107	
308	213	268	
31	474	840	
316	722	155	
319	444	189	
32	660	193	
321	717	279	
322	804	872	
327	821	239	
33	131	501	
333	947	868	
339	589	776	
35	10	364	
354	706	185	
356	979	764	
358	636	241	
359	756	236	
363	906	650	
365	838	608	
368	604	870	
368	857	606	
401	329	763	
406	159	369	
408	179	378	
413	812	876	
415	403	866	
415	425	783	
415	821	943	
416	886	520	
424	702	944	
426	513	372	
427	765	163	
428	115	300	
428	621	910	
435	647	540	
447	305	692	
448	238	803	
449	600	250	
45	383	724	
450	918	81	
456	802	480	
468	427	232	
477	418	77	
477	748	95	
479	768	85	
484	708	647	
5	714	292	
505	302	537	
505	973	544	
513	129	605	
517	444	859	
517	950	942	
518	850	137	
522	824	537	
523	526	32	
524	932	816	
526	248	449	
526	457	688	
529	124	65	
529	421	371	
53	133	509	
531	716	317	
534	218	908	
534	438	460	
538	896	851	
54	51	467	
54	594	294	
547	689	489	
548	325	902	
553	958	104	
554	715	101	
558	645	582	
568	778	800	
584	938	214	
594	708	924	
605	763	201	
608	166	842	
613	700	634	
615	489	108	
616	136	638	
624	249	746	
625	985	651	
627	91	831	
63	420	282	
63	475	733	
636	930	619	
638	279	312	
638	279	49	
639	421	235	
639	652	746	
645	899	921	
646	876	80	
649	202	491	
650	916	802	
652	826	626	
656	756	656	
66	351	19	
668	315	258	
679	502	655	
687	219	673	
689	657	10	
699	328	667	
701	898	663	
702	501	640	
704	741	701	
707	243	100	
707	287	384	
708	330	577	
711	349	828	
716	256	773	
717	255	490	
722	921	379	
725	236	38	
726	433	984	
727	674	428	
728	178	834	
742	703	593	
746	732	856	
748	169	259	
755	767	481	
757	798	664	
766	415	615	
767	557	160	
767	667	462	
768	831	133	
77	692	94	
777	646	352	
787	603	804	
789	843	918	
792	807	784	
795	804	345	
796	902	566	
797	318	865	
798	548	883	
800	931	224	
801	831	410	
801	897	92	
801	941	13	
802	973	256	
805	299	553	
811	502	333	
813	830	833	
817	397	86	
825	741	443	
836	521	86	
839	111	396	
845	743	977	
847	378	665	
849	794	943	
85	684	657	
85	783	351	
850	738	839	
855	502	849	
855	997	389	
857	489	74	
867	534	569	
867	886	780	
867	963	65	
869	378	403	
87	187	170	
873	616	349	
876	327	872	
884	946	547	
885	538	413	
888	447	230	
888	920	500	
898	129	291	
898	767	741	
9	457	181	
9	457	732	
90	525	252	
900	314	979	
901	885	629	
907	362	992	
91	524	451	
916	364	991	
924	367	567	
93	830	751	
931	767	313	
931	921	900	
933	248	24	
935	356	569	
935	851	568	
936	751	841	
942	613	822	
942	811	39	
942	921	864	
943	601	434	
945	379	970	
959	167	297	
959	354	486	
960	507	701	
966	688	39	
967	500	750	
971	639	377	
972	869	229	
977	875	684	
978	742	202	
982	507	547	
983	605	679	
987	436	930	
989	654	179	
994	748	274	
