120	2	182	
122	220	258	
124	240	946	
130	124	734	
139	28	151	
151	246	485	
151	62	431	
155	330	471	
155	561	347	
16	419	764	
161	687	203	
163	212	190	
163	322	729	
174	883	922	
174	982	739	
175	574	296	
178	142	506	
185	212	260	
186	266	541	
188	66	337	
19	339	781	
190	427	40	
192	799	911	
194	896	459	
197	2	337	
197	651	974	
199	99	911	
200	670	521	
213	261	225	
220	463	884	
226	380	601	
233	78	425	
237	160	568	
240	74	80	
241	244	263	
247	282	243	
25	905	125	
253	298	946	
254	330	294	
255	692	305	
258	194	465	
259	38	687	
262	300	813	
264	265	912	
265	22	794	
271	335	310	
273	113	80	
290	613	531	
291	106	930	
3	460	271	
331	451	783	
341	287	699	
342	352	3	
343	230	135	
343	582	375	
350	245	910	
352	276	831	
361	179	930	
361	74	355	
375	561	293	
381	500	574	
384	420	155	
387	494	58	
390	689	878	
394	663	137	
395	101	363	
402	160	385	
402	193	346	
441	594	71	
453	494	463	
465	295	789	
465	57	723	
470	213	924	
474	110	850	
482	696	485	
483	288	91	
488	492	648	
496	891	864	
498	680	496	
520	13	325	
525	180	942	
561	595	56	
563	362	802	
565	272	4	
570	993	155	
571	123	514	
575	240	238	
576	151	986	
585	23	718	
586	130	893	
591	40	774	
591	554	418	
592	531	579	
594	430	779	
596	241	701	
611	380	974	
643	26	33	
653	283	288	
656	28	955	
667	28	431	
670	475	981	
671	463	113	
680	498	131	
692	2	826	
720	480	147	
753	37	878	
761	12	7	
772	461	478	
780	31	639	
791	156	994	
797	293	517	
820	292	572	
852	282	248	
862	580	587	
873	184	174	
873	492	969	
877	180	454	
881	253	220	
883	79	946	
884	195	497	
890	420	618	
893	45	853	
951	293	756	
980	440	931	
983	69	141	
990	870	845	
993	372	174	
