105	206	145	
106	326	141	
119	742	662	
127	624	590	
128	337	422	
136	747	315	
137	724	492	
139	403	714	
146	836	817	
147	747	563	
203	955	363	
204	338	217	
206	248	348	
214	658	64	
217	336	532	
224	901	172	
228	589	918	
235	428	201	
235	604	892	
237	217	801	
237	855	22	
238	755	133	
247	779	556	
278	616	755	
289	957	152	
315	656	841	
317	962	924	
318	422	326	
326	744	238	
327	226	314	
329	246	596	
330	916	156	
334	615	724	
335	526	701	
335	911	937	
336	888	305	
348	502	367	
349	941	615	
35	161	914	
364	827	316	
378	516	521	
388	704	704	
389	835	176	
398	529	922	
398	947	321	
401	867	889	
402	723	871	
41	694	182	
411	615	26	
417	367	55	
421	814	270	
426	501	873	
427	610	51	
438	896	415	
449	456	756	
46	42	255	
468	459	938	
468	723	906	
50	135	319	
505	466	795	
509	121	229	
509	286	360	
513	524	281	
518	332	423	
533	724	336	
535	359	282	
538	895	680	
542	649	443	
547	369	49	
548	302	743	
559	401	964	
56	63	505	
561	949	674	
567	415	248	
568	117	353	
600	679	220	
601	414	433	
614	511	185	
614	599	993	
62	497	909	
62	541	207	
620	329	526	
620	538	588	
626	554	494	
628	563	141	
628	750	195	
632	647	695	
634	788	937	
637	994	961	
638	465	766	
656	678	874	
657	930	693	
659	884	381	
661	915	219	
676	537	837	
676	955	298	
679	413	36	
679	721	399	
685	836	849	
688	217	915	
688	855	534	
692	807	471	
702	874	579	
705	420	148	
707	682	640	
709	73	980	
714	862	830	
715	696	513	
72	223	585	
723	314	292	
726	344	358	
729	891	753	
73	332	413	
73	640	923	
734	820	687	
735	500	654	
735	610	33	
736	950	482	
736	950	798	
743	305	916	
744	700	738	
746	412	227	
750	947	328	
754	756	785	
756	237	402	
756	996	16	
757	698	568	
761	969	899	
775	988	154	
778	666	59	
779	214	229	
788	216	571	
798	349	611	
80	820	853	
80	875	592	
800	512	690	
804	871	923	
805	793	504	
811	710	373	
817	264	933	
825	168	730	
825	388	872	
826	244	585	
830	526	768	
832	799	779	
835	411	867	
835	631	766	
836	795	164	
837	299	127	
839	143	324	
841	438	542	
843	7	927	
85	782	529	
854	711	686	
855	666	474	
856	588	402	
866	303	371	
866	479	155	
876	359	390	
877	996	803	
88	295	549	
88	84	819	
883	704	269	
885	9	438	
887	645	510	
896	559	405	
908	371	29	
918	361	961	
920	216	167	
922	676	717	
926	584	5	
936	640	741	
94	399	71	
943	347	396	
944	489	222	
947	695	338	
947	981	553	
95	475	164	
955	885	623	
959	331	766	
959	540	218	
960	759	173	
960	825	126	
973	900	528	
974	822	858	
974	943	599	
976	941	470	
980	816	711	
983	549	931	
983	813	680	
984	779	277	
99	581	825	
993	627	549	
996	679	403	
