100	280	337	
102	84	826	
120	194	799	
134	83	740	
150	340	545	
171	473	344	
172	450	102	
180	101	924	
191	101	536	
192	276	212	
192	298	910	
194	186	96	
20	728	655	
206	12	416	
21	606	711	
259	87	262	
267	62	86	
27	6	52	
27	688	351	
27	699	428	
280	111	876	
280	342	654	
31	607	587	
321	191	423	
33	957	871	
332	290	228	
34	626	43	
344	190	973	
349	45	311	
349	78	776	
36	976	909	
363	70	886	
372	250	86	
39	236	134	
39	599	712	
392	384	910	
394	360	608	
394	492	79	
43	804	63	
43	947	122	
440	380	178	
463	60	73	
469	77	756	
472	194	339	
477	85	442	
481	372	817	
49	974	712	
490	792	732	
494	91	362	
518	38	116	
52	707	991	
532	74	470	
534	43	677	
56	967	75	
583	490	72	
596	61	165	
600	76	217	
605	907	800	
632	75	425	
664	63	229	
699	43	820	
709	924	285	
725	58	68	
73	917	502	
737	59	837	
747	36	137	
753	31	461	
77	649	791	
784	84	245	
801	57	422	
806	937	811	
808	418	201	
808	649	400	
817	904	857	
818	507	907	
828	937	517	
839	508	772	
850	84	224	
855	23	468	
859	27	647	
859	807	418	
87	617	543	
90	22	275	
908	219	119	
918	858	447	
93	14	530	
96	839	910	
97	706	362	
979	907	81	
993	40	77	
