120	386	556	
130	365	886	
135	173	537	
136	79	733	
141	750	480	
150	158	71	
151	168	148	
152	530	138	
154	264	168	
155	450	653	
157	162	116	
162	377	595	
17	604	610	
174	541	475	
183	510	190	
187	550	392	
191	557	973	
193	478	872	
196	266	515	
200	163	428	
203	391	485	
211	592	518	
232	142	501	
250	94	441	
255	790	378	
258	25	350	
265	43	638	
27	649	23	
270	544	80	
274	85	742	
277	295	531	
28	758	721	
282	851	986	
283	861	679	
288	152	797	
29	724	672	
290	139	452	
290	634	873	
291	589	831	
292	104	202	
292	478	376	
295	772	600	
296	144	896	
298	43	396	
311	162	384	
338	39	311	
340	122	364	
340	782	823	
345	491	29	
350	145	670	
363	561	359	
369	15	273	
371	388	53	
375	296	834	
377	250	713	
380	203	484	
385	110	974	
385	451	234	
390	688	994	
390	721	526	
396	363	984	
421	195	279	
432	162	767	
451	385	356	
458	27	143	
460	354	755	
460	376	618	
465	261	943	
466	183	784	
472	276	494	
480	71	501	
482	453	469	
484	451	317	
497	251	339	
560	793	82	
560	980	77	
561	31	994	
565	161	622	
572	53	811	
573	296	515	
582	155	753	
583	20	706	
585	196	141	
591	245	180	
642	194	192	
666	192	931	
68	839	246	
681	551	89	
683	142	132	
684	482	968	
690	245	571	
692	485	718	
708	919	858	
751	89	731	
780	991	169	
863	69	741	
866	190	102	
870	373	478	
870	450	590	
882	174	313	
883	272	552	
885	270	928	
887	27	735	
890	672	373	
894	261	359	
909	927	390	
960	360	211	
976	39	245	
