0	536	924	
0	778	875	
101	644	667	
102	511	569	
108	241	549	
109	350	252	
112	248	339	
113	599	536	
117	210	659	
118	451	16	
127	145	204	
136	345	918	
137	685	718	
139	760	544	
142	647	571	
142	757	169	
144	744	361	
149	684	728	
152	318	122	
162	605	887	
164	317	562	
164	38	575	
168	984	338	
172	24	371	
175	559	416	
176	525	763	
187	558	690	
197	658	225	
201	203	528	
212	500	14	
213	994	583	
214	355	580	
215	860	509	
219	185	274	
220	316	117	
220	602	197	
221	997	585	
223	236	337	
232	667	282	
232	931	945	
232	997	359	
234	973	144	
236	212	228	
248	761	529	
253	910	70	
257	950	752	
258	597	802	
259	189	449	
265	887	792	
271	749	752	
276	205	593	
276	832	841	
277	611	505	
280	817	864	
284	417	305	
294	209	30	
295	648	186	
298	315	301	
299	237	754	
299	545	734	
302	586	572	
303	596	587	
306	340	323	
311	544	656	
318	196	288	
320	117	311	
321	116	456	
321	666	435	
322	302	130	
322	863	518	
335	3	248	
350	769	411	
352	657	620	
354	776	585	
355	599	717	
356	620	932	
359	892	550	
364	997	558	
366	643	539	
368	355	933	
369	332	429	
373	647	705	
375	568	362	
385	635	62	
388	126	404	
399	841	404	
404	330	962	
410	973	783	
418	360	473	
419	150	728	
422	466	854	
422	521	495	
426	385	926	
432	5	495	
434	520	573	
436	122	264	
438	340	3	
438	351	582	
442	116	562	
442	699	150	
450	317	498	
451	459	496	
457	783	655	
466	367	20	
467	454	662	
467	872	644	
467	894	0	
470	209	583	
473	877	89	
484	107	827	
487	115	200	
492	69	317	
496	766	17	
499	279	862	
499	4	743	
500	630	44	
501	134	878	
502	650	17	
513	397	985	
520	412	935	
523	530	986	
544	234	129	
546	276	402	
550	602	696	
553	489	350	
557	441	495	
557	672	64	
565	741	782	
567	156	480	
575	456	31	
576	235	517	
577	432	621	
578	310	983	
581	802	133	
585	732	415	
587	103	943	
589	530	506	
596	369	960	
597	214	318	
600	398	7	
611	651	567	
612	485	105	
623	760	432	
623	870	495	
630	236	253	
630	368	749	
654	146	439	
654	223	956	
657	671	258	
658	252	946	
663	786	865	
671	503	558	
671	756	96	
673	116	349	
675	4	362	
675	895	231	
681	38	254	
682	129	94	
683	425	281	
689	221	212	
697	961	23	
699	585	335	
7	661	778	
720	553	543	
721	310	120	
730	279	61	
730	510	270	
742	256	862	
745	275	850	
747	240	255	
749	392	610	
753	278	340	
760	524	887	
761	116	504	
768	384	214	
771	7	228	
772	226	857	
773	511	20	
787	343	904	
794	941	698	
8	0	469	
80	143	588	
811	297	414	
823	252	493	
824	273	583	
831	145	793	
834	681	798	
835	394	699	
843	870	901	
850	621	754	
852	685	347	
860	369	831	
862	235	11	
863	652	462	
878	692	564	
881	205	654	
882	6	553	
882	655	335	
884	763	169	
886	310	129	
889	472	619	
892	18	276	
892	997	529	
894	445	282	
894	544	917	
912	251	886	
923	680	180	
925	260	539	
935	283	771	
942	782	888	
943	561	779	
947	172	885	
951	410	629	
966	186	914	
972	103	888	
98	191	940	
985	640	420	
994	499	672	
995	795	889	
996	266	22	
997	342	365	
998	660	602	
