107	335	328	
109	256	650	
114	966	149	
115	448	673	
115	525	327	
123	605	656	
127	403	636	
127	986	473	
134	825	288	
148	404	770	
153	806	99	
158	504	993	
158	658	435	
158	702	831	
169	636	467	
169	669	445	
199	749	662	
20	230	416	
200	616	489	
201	945	40	
202	735	368	
207	499	114	
216	303	660	
216	501	204	
217	5	92	
218	312	923	
218	334	144	
219	564	171	
22	492	106	
22	690	184	
227	633	797	
227	655	737	
230	905	694	
238	435	170	
239	632	849	
246	119	772	
247	888	550	
248	744	684	
252	916	360	
254	639	424	
258	844	989	
265	518	656	
267	725	245	
267	824	698	
268	724	552	
268	977	977	
279	229	938	
280	49	414	
299	968	608	
301	108	52	
301	812	858	
301	856	572	
303	898	13	
307	971	225	
312	9	436	
316	203	555	
316	434	555	
317	103	270	
317	554	280	
319	871	719	
322	417	619	
325	117	576	
328	576	956	
33	470	793	
331	727	304	
337	105	291	
337	589	730	
338	401	175	
338	401	727	
339	213	877	
347	942	58	
348	798	732	
355	769	857	
356	339	419	
365	528	692	
365	836	329	
371	819	137	
375	606	761	
379	404	832	
379	569	436	
386	705	135	
387	418	912	
387	539	859	
401	998	102	
403	699	590	
407	673	570	
413	139	838	
413	689	919	
414	457	214	
421	219	976	
423	129	955	
425	765	155	
425	963	323	
43	691	727	
434	701	618	
437	203	467	
440	937	322	
442	319	618	
445	855	47	
447	721	312	
459	742	613	
472	938	504	
474	617	701	
475	627	49	
486	506	283	
489	459	900	
489	8	655	
5	910	169	
500	734	136	
501	139	969	
511	910	313	
521	229	438	
521	526	936	
522	316	947	
523	425	701	
523	458	856	
529	243	989	
529	496	678	
534	304	714	
536	632	672	
538	696	231	
540	507	945	
548	213	807	
549	333	274	
552	704	378	
556	854	125	
557	303	413	
559	444	832	
567	337	911	
567	7	383	
569	940	170	
578	502	424	
579	446	673	
579	501	345	
581	719	252	
589	788	347	
590	919	23	
592	917	194	
596	814	302	
6	810	201	
602	126	418	
603	202	431	
603	235	892	
607	550	889	
61	398	601	
61	431	364	
613	544	891	
616	156	573	
617	133	523	
619	571	149	
619	593	351	
624	115	761	
63	781	581	
633	447	658	
634	303	543	
645	754	397	
646	126	175	
647	884	123	
648	795	496	
649	200	958	
649	992	664	
657	456	817	
659	113	531	
659	3	285	
666	359	774	
668	995	765	
670	916	298	
679	269	900	
686	405	168	
687	668	519	
697	988	668	
698	998	787	
70	653	367	
701	269	670	
706	891	939	
710	7	762	
711	677	625	
712	522	321	
712	973	394	
713	169	612	
714	344	393	
716	496	537	
720	459	541	
720	547	384	
724	576	296	
727	221	403	
728	561	847	
730	856	131	
737	365	527	
738	452	568	
738	90	454	
739	572	569	
74	264	488	
742	228	102	
742	800	168	
744	435	73	
749	463	560	
760	837	26	
765	458	146	
765	865	746	
768	202	173	
768	554	978	
769	410	282	
775	657	418	
785	834	215	
788	369	128	
792	508	725	
798	348	519	
802	993	389	
81	389	560	
815	540	732	
818	680	867	
82	784	27	
820	810	882	
821	435	814	
828	274	600	
836	255	304	
838	330	799	
843	358	502	
855	214	382	
862	317	447	
863	712	530	
864	403	822	
864	7	312	
867	499	565	
873	834	67	
877	247	690	
889	356	213	
898	765	16	
899	357	337	
9	334	924	
903	661	961	
906	581	462	
906	60	746	
911	246	845	
912	113	716	
916	241	713	
917	493	921	
921	632	356	
923	212	19	
925	320	378	
93	685	296	
931	930	276	
934	113	266	
935	288	274	
950	603	205	
953	831	673	
955	873	912	
962	305	915	
964	105	394	
964	655	978	
966	422	280	
966	499	661	
966	741	187	
97	582	721	
973	327	523	
975	446	90	
977	576	995	
977	675	646	
977	686	880	
978	311	308	
98	361	667	
981	968	779	
982	802	263	
983	977	62	
986	105	300	
988	620	367	
991	419	705	
994	801	258	
