1	533	235	
100	643	210	
104	287	671	
106	494	685	
114	343	864	
117	450	601	
119	151	636	
122	621	744	
124	850	693	
128	395	115	
130	57	956	
132	226	865	
141	844	263	
143	336	330	
144	500	476	
153	238	9	
153	36	233	
156	950	379	
159	298	25	
165	402	89	
168	476	990	
169	222	562	
171	803	73	
173	867	933	
182	506	565	
185	68	786	
188	863	30	
189	28	266	
19	51	64	
194	857	807	
194	879	244	
197	557	114	
198	237	809	
211	499	445	
217	592	618	
221	467	528	
227	560	156	
227	890	947	
233	114	728	
236	584	106	
237	891	644	
241	656	685	
249	373	120	
258	595	195	
261	977	829	
262	426	689	
266	895	353	
270	539	559	
270	616	954	
272	427	340	
273	745	608	
29	708	138	
291	309	396	
296	414	85	
297	446	643	
299	873	165	
3	850	783	
300	663	65	
314	154	131	
316	570	891	
320	5	368	
320	511	674	
321	125	562	
322	157	34	
322	652	264	
325	550	148	
344	377	139	
346	540	861	
348	263	307	
350	525	283	
351	766	369	
354	862	74	
371	834	222	
372	217	675	
372	767	800	
373	513	311	
377	894	927	
379	320	827	
381	99	742	
382	636	747	
383	976	872	
386	357	901	
386	654	402	
4	387	929	
403	186	269	
403	692	825	
412	573	987	
418	292	541	
421	575	346	
422	761	94	
424	143	202	
433	552	31	
434	661	585	
436	186	986	
445	122	966	
453	598	676	
455	222	498	
460	118	370	
460	657	50	
473	237	562	
476	157	524	
476	454	67	
478	276	328	
480	813	375	
485	401	54	
486	224	670	
487	542	418	
488	19	932	
489	100	236	
495	303	756	
499	530	884	
5	144	780	
5	584	336	
500	331	566	
504	250	301	
511	540	973	
512	275	247	
540	610	564	
545	330	134	
550	248	71	
553	993	564	
556	231	394	
556	792	238	
563	587	310	
568	120	24	
572	501	838	
573	753	871	
581	602	547	
583	611	22	
585	565	617	
586	696	938	
586	861	687	
588	430	934	
592	79	121	
599	694	353	
603	580	385	
610	551	261	
623	274	25	
625	492	882	
633	781	834	
637	282	539	
641	652	550	
644	682	743	
646	196	287	
647	283	231	
648	150	349	
648	282	635	
651	246	499	
661	577	121	
661	577	435	
663	751	941	
664	860	450	
665	397	665	
667	285	643	
671	116	392	
672	49	292	
672	973	167	
674	267	261	
680	668	122	
682	59	798	
684	455	42	
686	585	577	
694	302	954	
698	331	211	
698	562	426	
720	496	250	
730	332	941	
731	276	97	
734	284	261	
742	353	331	
746	250	846	
751	146	501	
755	131	715	
755	164	558	
755	692	525	
760	863	828	
761	961	247	
763	772	972	
764	540	297	
764	584	815	
766	351	209	
767	174	163	
771	137	997	
780	579	768	
781	105	65	
784	421	25	
785	244	416	
787	187	851	
787	682	385	
788	274	112	
790	635	743	
821	384	948	
842	374	409	
844	361	773	
851	365	241	
853	275	152	
858	292	301	
865	450	756	
867	272	961	
889	492	565	
890	920	822	
894	102	831	
894	641	291	
92	492	555	
921	680	338	
942	692	788	
946	292	532	
954	493	767	
971	663	47	
981	378	921	
983	981	132	
987	273	863	
989	480	145	
