1	910	895	
104	840	989	
105	234	893	
110	438	43	
115	422	887	
116	432	52	
121	438	880	
123	810	545	
124	567	256	
124	963	372	
127	3	38	
131	967	642	
132	515	592	
137	686	839	
140	749	691	
142	109	642	
144	558	963	
144	635	427	
145	557	889	
145	766	736	
146	721	757	
156	942	141	
157	116	909	
165	647	84	
168	743	752	
175	758	378	
177	789	157	
180	929	387	
185	814	396	
186	318	140	
186	318	880	
192	829	206	
198	889	944	
200	348	263	
200	942	111	
201	996	262	
203	554	483	
203	730	644	
204	300	654	
204	366	187	
211	689	928	
223	743	59	
224	489	830	
226	993	60	
234	754	739	
236	367	606	
242	966	258	
245	468	895	
248	575	688	
251	418	245	
258	796	954	
266	359	133	
266	777	662	
268	654	235	
278	248	645	
279	148	68	
279	610	52	
281	839	213	
296	28	327	
297	757	135	
298	998	336	
305	320	434	
305	485	819	
309	371	287	
312	401	523	
313	873	813	
314	971	175	
320	547	698	
322	831	559	
324	862	941	
331	129	220	
331	833	657	
333	721	972	
345	412	461	
346	598	77	
355	589	409	
358	234	532	
362	428	663	
369	894	183	
370	728	292	
383	759	434	
388	853	617	
394	308	466	
396	636	640	
396	757	776	
399	105	522	
400	368	310	
400	500	934	
412	510	383	
414	893	617	
420	238	352	
421	534	89	
422	456	668	
423	103	14	
424	256	474	
425	233	493	
432	424	286	
434	367	194	
437	760	717	
439	296	39	
442	788	360	
446	531	674	
449	165	400	
453	920	407	
454	567	682	
456	444	721	
456	620	410	
459	892	83	
468	564	357	
473	812	540	
475	326	97	
477	698	427	
482	209	215	
493	38	875	
493	836	514	
499	621	844	
504	231	446	
509	160	412	
512	3	768	
520	600	690	
521	148	43	
522	631	394	
528	482	510	
530	436	933	
531	732	337	
533	411	991	
542	589	643	
542	963	36	
543	896	482	
549	384	52	
555	367	546	
557	772	227	
559	484	9	
563	414	659	
563	832	656	
566	774	874	
571	527	963	
576	357	87	
578	795	909	
588	114	147	
62	250	504	
623	299	395	
630	875	902	
636	264	783	
637	593	878	
643	642	372	
65	390	903	
653	357	388	
654	488	457	
661	305	89	
664	676	938	
682	108	668	
682	647	617	
687	950	744	
689	123	622	
696	6	991	
697	610	282	
700	475	333	
701	595	701	
702	275	26	
711	189	652	
715	482	342	
720	730	747	
725	670	135	
73	261	159	
73	294	276	
733	200	531	
733	486	544	
742	873	295	
750	106	41	
750	326	448	
753	323	543	
755	871	350	
762	952	514	
763	236	898	
770	339	624	
775	576	788	
775	675	785	
775	675	994	
775	774	986	
776	487	285	
779	385	877	
782	536	577	
782	932	35	
788	244	619	
795	303	829	
796	544	823	
796	643	181	
798	135	48	
8	540	897	
811	496	334	
820	531	410	
824	571	523	
825	284	757	
825	570	507	
837	250	446	
841	312	703	
843	233	255	
847	460	669	
850	479	147	
854	431	271	
862	357	294	
864	289	158	
870	921	694	
873	478	763	
879	131	375	
880	801	683	
881	239	896	
881	998	192	
882	502	182	
882	832	251	
894	105	105	
895	423	760	
90	497	293	
903	250	207	
91	364	722	
913	691	312	
92	0	653	
932	793	94	
940	554	318	
941	245	651	
945	263	351	
95	195	909	
951	169	328	
951	653	683	
96	194	684	
96	480	87	
971	765	302	
972	478	553	
980	514	720	
983	951	452	
987	661	73	
988	198	770	
