0	522	105	
101	487	27	
104	660	129	
110	324	333	
112	212	770	
122	730	330	
123	421	732	
123	476	13	
128	174	809	
129	481	125	
133	37	243	
141	139	315	
147	155	981	
154	159	293	
164	325	89	
166	675	621	
169	463	787	
170	869	316	
173	22	178	
173	701	750	
175	710	402	
179	277	793	
181	715	709	
186	336	455	
195	536	696	
195	833	71	
196	249	176	
196	326	111	
198	478	847	
200	113	213	
212	772	678	
214	220	877	
214	891	475	
222	124	875	
230	402	127	
230	424	80	
232	411	797	
233	146	63	
233	564	322	
235	980	799	
243	488	630	
245	112	721	
250	635	206	
253	47	983	
255	553	647	
256	651	902	
260	98	648	
262	535	798	
268	177	940	
271	757	134	
272	822	143	
274	523	272	
274	79	731	
276	697	122	
281	901	496	
284	513	184	
288	773	40	
294	437	403	
296	996	243	
297	346	603	
3	431	600	
3	486	686	
3	783	948	
319	280	462	
322	497	371	
329	160	915	
330	368	38	
331	213	547	
340	941	85	
348	273	584	
354	564	33	
355	2	4	
355	684	614	
362	897	681	
364	950	515	
365	520	347	
370	119	142	
371	844	974	
372	876	304	
375	950	953	
388	2	777	
394	623	316	
394	799	75	
395	776	593	
4	287	728	
400	100	997	
401	121	519	
411	342	892	
412	286	881	
412	462	595	
412	682	804	
420	179	611	
421	640	620	
424	142	801	
427	282	715	
430	686	895	
431	278	649	
433	1	216	
441	532	401	
446	560	700	
450	556	508	
454	497	693	
457	175	970	
465	530	574	
466	595	114	
469	361	435	
472	35	893	
473	841	131	
475	355	420	
475	795	109	
479	186	82	
484	874	398	
486	685	346	
487	321	903	
490	945	566	
491	559	859	
500	154	998	
502	152	406	
503	173	886	
504	260	561	
512	252	57	
530	234	294	
532	881	10	
544	341	997	
550	775	359	
550	852	500	
555	396	595	
558	272	58	
566	0	570	
570	23	221	
570	975	351	
571	677	954	
572	951	46	
573	752	417	
575	321	267	
576	254	536	
580	11	511	
580	305	315	
583	5	535	
590	218	400	
593	534	622	
599	110	396	
610	990	670	
625	161	169	
632	583	278	
644	791	649	
652	123	731	
655	571	259	
660	665	881	
664	650	96	
665	473	80	
671	885	64	
674	794	431	
681	6	32	
691	964	330	
692	523	361	
694	466	583	
698	572	317	
7	130	982	
7	350	301	
710	186	13	
722	482	44	
742	286	676	
753	682	364	
762	530	186	
764	561	139	
770	335	484	
771	675	681	
780	303	756	
783	751	108	
784	288	26	
794	355	436	
798	450	83	
800	360	366	
840	221	988	
843	295	451	
853	263	697	
862	397	57	
866	151	873	
875	461	970	
880	720	187	
884	463	747	
895	287	269	
896	220	482	
898	273	821	
911	381	283	
951	231	551	
958	180	698	
960	123	591	
960	167	512	
960	211	140	
960	211	706	
970	113	349	
973	363	523	
976	591	878	
984	253	232	
984	484	580	
986	174	687	
992	256	331	
992	663	893	
