139	13	0	
160	266	439	
169	43	282	
17	568	404	
180	4	391	
190	335	576	
190	742	39	
193	453	78	
223	64	581	
280	432	840	
29	556	602	
292	376	726	
294	671	768	
294	770	672	
294	91	27	
294	990	995	
313	11	296	
322	42	250	
336	78	639	
336	89	902	
354	490	803	
360	781	900	
373	471	353	
380	244	738	
384	240	410	
393	242	205	
409	819	415	
410	53	289	
417	27	606	
460	252	247	
490	354	859	
491	782	843	
492	80	827	
506	17	319	
51	908	514	
521	180	873	
541	171	10	
564	31	853	
570	153	204	
62	809	371	
633	34	867	
655	67	292	
659	49	683	
663	170	427	
663	75	420	
670	592	546	
684	380	808	
684	380	886	
688	45	836	
719	707	370	
745	58	108	
774	54	448	
840	10	608	
851	76	777	
876	46	355	
904	819	505	
965	47	383	
