106	724	265	
109	864	288	
110	929	426	
124	948	726	
127	923	960	
137	319	316	
149	956	58	
159	715	507	
159	825	447	
207	601	54	
219	457	430	
227	724	588	
242	929	505	
249	548	509	
267	409	333	
267	607	789	
289	926	538	
3	904	350	
306	942	126	
308	379	600	
317	612	889	
317	898	695	
318	545	427	
323	529	710	
325	626	649	
325	956	428	
327	723	654	
33	561	252	
336	219	412	
345	749	822	
377	915	907	
387	619	648	
401	869	335	
406	6	355	
407	92	279	
409	3	114	
409	630	104	
41	50	639	
414	108	954	
417	754	61	
417	996	483	
418	445	914	
418	984	815	
427	601	935	
429	92	778	
431	707	492	
434	847	894	
444	617	387	
456	638	156	
466	408	878	
477	815	368	
498	816	6	
503	569	359	
507	752	373	
516	611	16	
52	322	407	
52	850	419	
520	904	26	
520	915	471	
522	803	682	
524	537	371	
53	101	174	
53	893	175	
538	853	98	
54	188	402	
544	407	663	
545	769	587	
546	966	705	
548	117	16	
548	216	726	
555	803	409	
558	646	36	
565	958	312	
57	581	505	
579	526	370	
598	925	990	
600	912	376	
603	227	742	
612	845	96	
618	377	675	
622	989	921	
626	435	660	
626	864	434	
629	553	761	
639	400	100	
639	543	247	
642	947	442	
644	659	209	
645	889	110	
659	424	917	
661	807	843	
675	606	891	
7	218	770	
703	996	974	
705	389	516	
710	725	126	
714	864	447	
716	741	322	
72	522	80	
731	803	479	
732	648	819	
736	787	479	
739	487	532	
742	924	492	
744	647	25	
747	336	351	
75	321	373	
759	940	379	
764	902	994	
767	624	728	
769	347	145	
774	309	791	
775	726	7	
777	735	596	
78	186	605	
783	927	788	
797	913	730	
799	636	637	
800	778	627	
802	699	25	
803	731	94	
804	499	279	
805	3	106	
805	663	782	
805	83	414	
806	321	297	
810	724	396	
812	678	44	
813	259	807	
816	3	63	
816	894	796	
818	452	450	
822	921	716	
823	645	475	
828	530	191	
836	445	363	
845	315	931	
857	457	935	
857	589	781	
859	4	960	
869	247	847	
87	144	265	
876	416	323	
878	524	633	
878	601	341	
886	406	483	
889	403	644	
896	924	614	
90	779	625	
907	693	714	
908	494	337	
913	731	536	
914	433	960	
916	772	765	
922	854	809	
923	622	912	
924	115	735	
925	389	516	
932	679	700	
932	932	627	
94	148	147	
94	379	132	
944	524	123	
947	752	88	
949	585	901	
952	802	954	
955	832	140	
960	618	869	
965	877	281	
976	206	806	
976	437	973	
985	989	507	
994	925	78	
