10	432	308	
107	989	745	
11	11	412	
11	255	158	
11	882	144	
114	806	525	
119	966	462	
123	929	981	
129	989	996	
133	919	54	
14	164	482	
179	708	214	
19	19	798	
20	114	68	
202	718	415	
207	933	852	
208	789	348	
209	557	967	
21	32	954	
215	958	832	
225	948	72	
228	835	659	
23	430	443	
239	769	40	
24	462	88	
249	704	657	
249	759	217	
259	419	56	
268	828	863	
277	709	831	
290	290	167	
314	804	323	
318	459	203	
32	300	299	
325	837	28	
325	958	854	
329	778	18	
33	431	301	
348	638	144	
357	838	547	
36	175	589	
396	909	149	
403	715	364	
405	515	497	
409	830	405	
42	158	169	
42	851	626	
425	869	461	
429	216	271	
429	72	664	
429	876	488	
438	988	256	
44	640	437	
448	967	67	
449	625	817	
469	979	153	
48	174	516	
48	295	897	
505	646	301	
508	665	444	
51	40	568	
512	727	150	
513	726	281	
513	836	784	
514	428	586	
514	813	810	
514	824	840	
519	786	279	
528	876	525	
528	986	89	
53	169	829	
536	527	889	
537	427	996	
54	883	845	
548	9	413	
559	515	971	
569	813	607	
569	989	150	
574	907	551	
578	826	967	
597	829	655	
600	617	593	
602	736	340	
606	864	742	
608	356	434	
613	824	187	
617	369	902	
619	75	728	
62	62	961	
634	814	739	
638	755	404	
639	534	434	
64	664	150	
642	509	950	
645	979	193	
646	659	28	
648	525	746	
65	498	426	
657	912	975	
658	757	172	
700	308	185	
707	103	436	
708	300	881	
708	982	562	
714	536	37	
720	904	370	
724	933	230	
726	535	455	
727	303	765	
727	545	565	
728	632	428	
729	796	76	
73	358	951	
73	578	510	
733	935	635	
735	218	85	
744	616	678	
756	703	896	
759	337	515	
767	648	60	
789	747	677	
795	829	4	
795	829	51	
797	519	179	
801	768	414	
805	786	123	
808	871	224	
809	254	110	
815	754	600	
818	883	645	
819	156	669	
823	889	981	
828	433	784	
831	716	489	
832	539	689	
834	768	749	
837	765	35	
838	368	992	
847	7	306	
854	836	110	
859	567	629	
86	97	758	
86	983	319	
864	969	128	
866	428	952	
866	769	271	
867	955	814	
876	737	69	
876	935	503	
878	658	579	
904	544	548	
905	202	887	
905	312	486	
905	730	478	
911	702	903	
916	20	923	
921	725	564	
926	434	922	
926	643	843	
929	563	78	
931	902	386	
931	913	121	
934	899	532	
935	986	648	
936	787	793	
938	334	161	
941	826	136	
945	833	338	
947	127	608	
95	941	13	
965	417	918	
966	449	627	
977	735	701	
977	746	926	
978	987	4	
984	706	201	
995	959	407	
998	659	973	
