10	684	370	
11	991	727	
12	682	49	
13	681	787	
137	716	446	
147	629	94	
148	936	201	
159	518	393	
20	322	407	
201	729	24	
205	208	443	
206	856	804	
208	557	546	
216	659	719	
22	562	618	
227	934	828	
228	108	957	
23	451	958	
235	827	94	
237	913	38	
238	516	730	
239	933	965	
305	889	662	
308	963	201	
315	769	834	
317	723	648	
318	700	247	
319	985	491	
32	640	42	
328	800	21	
337	758	81	
348	857	191	
367	959	666	
369	209	877	
369	517	339	
403	637	97	
405	415	790	
406	469	394	
41	84	947	
41	961	242	
412	716	925	
42	652	495	
423	749	991	
425	879	927	
427	712	574	
427	811	121	
429	237	115	
436	978	309	
437	878	40	
442	829	431	
445	958	393	
448	746	217	
458	835	392	
475	609	868	
48	47	474	
502	208	820	
504	646	138	
508	675	673	
512	836	423	
521	915	463	
526	239	894	
526	80	197	
529	841	931	
535	758	74	
55	760	479	
557	802	682	
56	396	895	
577	408	628	
597	828	605	
6	418	916	
6	649	200	
602	658	388	
602	757	66	
612	428	890	
619	245	496	
619	498	534	
622	814	949	
624	306	969	
624	438	788	
626	348	226	
629	796	614	
630	806	283	
64	245	871	
649	985	231	
65	398	741	
653	904	528	
664	629	825	
668	988	968	
687	837	813	
688	627	4	
695	609	893	
700	538	539	
702	80	21	
708	684	496	
71	403	483	
720	518	230	
722	648	842	
724	811	402	
725	612	363	
733	813	465	
738	874	630	
748	512	609	
75	311	800	
752	959	579	
756	449	328	
765	528	848	
766	648	493	
766	956	781	
769	931	755	
773	729	495	
779	866	34	
787	825	755	
794	609	550	
80	878	475	
802	304	124	
803	952	141	
807	695	490	
814	138	623	
815	698	996	
817	542	38	
823	712	164	
824	931	178	
826	962	955	
827	994	557	
833	438	311	
833	889	75	
835	623	825	
835	975	569	
838	730	562	
84	643	68	
84	830	937	
842	605	774	
847	226	866	
848	775	557	
855	317	185	
856	569	843	
856	745	660	
857	414	600	
857	788	926	
859	225	684	
859	346	988	
877	878	51	
883	927	363	
898	989	474	
900	756	54	
908	550	673	
910	317	649	
913	963	203	
914	995	189	
915	268	47	
92	316	804	
920	835	710	
922	987	170	
925	665	636	
925	698	477	
927	520	8	
936	214	273	
936	61	829	
938	410	190	
94	655	899	
94	886	837	
942	219	255	
948	4	37	
948	84	60	
949	96	277	
95	445	123	
950	618	568	
955	833	456	
958	247	298	
96	664	246	
973	639	851	
977	712	451	
985	209	67	
99	595	94	
995	837	996	
996	968	85	
