110	185	235	
110	295	6	
121	273	55	
142	186	42	
145	282	594	
147	77	375	
151	870	678	
155	481	240	
157	160	881	
160	685	938	
164	472	564	
165	185	982	
17	547	512	
17	833	538	
173	672	422	
174	220	105	
174	583	954	
177	63	722	
18	656	193	
181	510	57	
184	188	141	
185	253	856	
193	564	887	
196	187	542	
196	451	168	
198	130	770	
2	370	575	
20	918	10	
223	193	508	
231	295	112	
233	161	794	
24	947	746	
240	220	950	
254	74	92	
255	381	271	
256	21	68	
257	44	464	
260	255	758	
278	391	652	
280	851	268	
283	595	364	
297	84	926	
298	272	588	
298	96	917	
307	28	664	
31	918	662	
35	738	30	
354	183	833	
355	193	19	
356	88	421	
363	163	705	
363	40	177	
373	72	396	
375	690	806	
377	270	580	
382	287	241	
385	51	356	
39	646	65	
392	398	951	
395	230	247	
397	294	188	
408	19	806	
423	56	638	
451	240	438	
471	363	394	
475	293	445	
484	73	651	
485	690	887	
489	45	717	
490	135	108	
520	32	246	
54	818	152	
540	195	780	
542	87	2	
554	66	384	
56	904	175	
570	154	629	
581	550	989	
581	990	957	
582	582	967	
585	183	903	
586	98	398	
587	181	788	
590	266	412	
594	95	332	
609	939	837	
630	43	84	
681	241	690	
690	155	449	
697	11	815	
707	808	5	
72	18	532	
766	58	194	
780	780	892	
790	396	547	
863	56	803	
871	370	594	
905	929	799	
967	17	178	
972	55	419	
979	18	475	
