101	162	448	
106	48	673	
122	295	709	
150	113	50	
150	81	267	
152	243	213	
157	161	526	
175	495	945	
176	494	150	
180	578	435	
182	510	405	
184	134	458	
184	398	768	
190	546	37	
193	895	443	
194	487	843	
194	542	511	
195	420	994	
195	585	720	
198	164	929	
222	283	604	
252	440	766	
253	131	984	
266	21	173	
271	212	810	
273	331	332	
274	132	844	
29	602	301	
291	984	830	
292	873	206	
3	381	773	
331	42	915	
351	62	301	
353	790	242	
360	211	472	
360	464	856	
376	283	825	
382	893	801	
384	792	227	
390	555	249	
392	267	350	
394	298	843	
394	72	899	
427	28	969	
430	97	233	
440	241	753	
447	190	713	
451	52	321	
451	63	153	
465	282	156	
470	585	699	
472	352	309	
473	186	538	
475	162	41	
475	65	714	
478	291	970	
478	46	735	
48	308	798	
480	894	75	
484	120	752	
485	185	459	
489	24	709	
493	452	457	
496	570	420	
498	161	490	
499	78	160	
535	48	130	
564	381	749	
570	72	279	
571	792	939	
572	175	568	
581	72	345	
586	293	320	
593	583	162	
612	48	329	
640	151	556	
662	162	119	
662	481	732	
691	298	986	
732	180	875	
741	292	336	
783	481	325	
817	809	150	
845	17	262	
850	370	552	
850	66	227	
850	66	815	
883	66	405	
908	509	266	
917	907	792	
931	26	239	
931	48	95	
968	19	825	
995	291	317	
