108	73	570	
108	903	67	
119	95	705	
128	938	265	
129	618	309	
13	366	443	
16	176	811	
19	162	233	
192	160	519	
193	192	312	
206	816	662	
22	445	441	
23	895	48	
236	709	120	
239	50	131	
25	662	395	
29	262	757	
307	946	666	
31	524	4	
32	259	911	
32	820	249	
329	869	131	
339	639	774	
34	631	287	
419	108	420	
429	626	539	
43	875	709	
445	91	41	
45	48	521	
467	918	479	
48	232	774	
48	29	472	
490	192	388	
50	648	747	
516	539	990	
516	737	468	
519	536	19	
529	636	297	
534	807	284	
538	715	321	
539	835	153	
54	677	293	
54	68	611	
545	906	237	
549	957	355	
55	588	159	
598	90	817	
605	923	107	
606	317	694	
608	249	664	
608	975	148	
616	868	688	
617	54	892	
636	925	683	
637	308	540	
638	505	267	
64	128	246	
648	517	527	
648	528	657	
649	318	116	
658	749	470	
668	948	523	
68	784	943	
706	33	591	
71	858	824	
722	839	213	
725	418	175	
73	559	419	
736	30	671	
737	912	101	
743	906	575	
746	958	899	
747	30	979	
75	337	180	
753	91	64	
755	82	871	
768	95	2	
77	885	697	
777	916	885	
78	565	664	
79	443	113	
804	416	531	
81	606	858	
817	436	715	
829	534	457	
834	837	31	
836	758	794	
836	945	808	
836	97	269	
837	922	428	
843	71	209	
848	977	197	
875	708	70	
88	258	187	
896	709	970	
899	618	452	
90	82	5	
901	517	859	
903	856	914	
905	238	138	
909	366	244	
911	738	369	
915	305	162	
915	668	170	
917	974	503	
918	236	653	
918	379	674	
923	847	198	
929	346	360	
938	227	296	
939	710	554	
941	609	38	
959	712	41	
968	109	500	
968	923	598	
969	867	963	
97	227	290	
977	815	799	
979	835	240	
